COT Code/vwc/VWCL0005N0048.asc
ncols         676
nrows         635
xllcorner     24483.000000
yllcorner     28694.204819
cellsize      5.000000
NODATA_value  -9999.0
[rows 495 to 527 of 635, columns 225 to 299 of 676]
0.456 0.456 0.456 0.456 0.456 0.456 0.456 0.456 0.456 0.456 0.456 0.456 0.456 0.456 0.456 0.456 0.456 0.456 0.456 0.455 0.455 0.455 0.455 0.454 0.454 0.454 0.454 0.454 0.454 0.454 0.454 0.453 0.453 0.453 0.453 0.453 0.453 0.453 0.453 0.453 0.453 0.452 0.453 0.453 0.453 0.443 0.438 0.438 0.438 0.437 0.438 0.438 0.439 0.443 0.448 0.452 0.455 0.456 0.455 0.455 0.456 0.456 0.456 0.456 0.456 0.456 0.456 0.456 0.456 0.456 0.456 0.456 0.456 0.456 0.456
0.456 0.456 0.456 0.456 0.456 0.456 0.456 0.456 0.456 0.456 0.456 0.456 0.456 0.456 0.456 0.456 0.456 0.456 0.456 0.455 0.455 0.455 0.454 0.454 0.454 0.454 0.454 0.454 0.453 0.453 0.453 0.453 0.453 0.453 0.453 0.453 0.453 0.453 0.453 0.453 0.453 0.453 0.453 0.453 0.453 0.442 0.439 0.438 0.438 0.437 0.437 0.438 0.438 0.438 0.439 0.445 0.451 0.454 0.455 0.455 0.454 0.455 0.456 0.456 0.456 0.456 0.456 0.456 0.456 0.456 0.456 0.456 0.456 0.456 0.456
0.456 0.456 0.456 0.456 0.456 0.456 0.456 0.456 0.456 0.456 0.456 0.456 0.456 0.456 0.456 0.456 0.456 0.456 0.456 0.455 0.455 0.455 0.454 0.454 0.454 0.454 0.454 0.454 0.453 0.453 0.453 0.453 0.453 0.453 0.453 0.453 0.453 0.453 0.453 0.453 0.452 0.453 0.453 0.453 0.452 0.441 0.439 0.438 0.438 0.438 0.438 0.438 0.438 0.438 0.438 0.438 0.441 0.448 0.452 0.454 0.455 0.454 0.453 0.455 0.456 0.456 0.456 0.456 0.456 0.456 0.456 0.456 0.456 0.456 0.456
0.456 0.456 0.456 0.456 0.456 0.456 0.456 0.456 0.456 0.456 0.456 0.456 0.456 0.456 0.456 0.456 0.456 0.456 0.455 0.455 0.455 0.454 0.454 0.454 0.454 0.454 0.454 0.454 0.453 0.453 0.453 0.453 0.453 0.453 0.453 0.453 0.453 0.453 0.453 0.452 0.452 0.452 0.453 0.453 0.451 0.440 0.439 0.438 0.438 0.438 0.438 0.438 0.438 0.438 0.438 0.438 0.438 0.440 0.445 0.449 0.453 0.455 0.454 0.454 0.454 0.456 0.456 0.456 0.456 0.456 0.456 0.456 0.456 0.456 0.456
0.456 0.456 0.456 0.456 0.456 0.456 0.456 0.456 0.456 0.456 0.456 0.456 0.456 0.456 0.456 0.456 0.456 0.456 0.455 0.455 0.455 0.454 0.454 0.454 0.454 0.454 0.453 0.453 0.453 0.453 0.453 0.453 0.453 0.453 0.453 0.453 0.453 0.453 0.453 0.453 0.453 0.453 0.453 0.453 0.451 0.439 0.438 0.437 0.437 0.438 0.438 0.438 0.438 0.438 0.438 0.438 0.438 0.438 0.439 0.441 0.445 0.450 0.453 0.454 0.455 0.454 0.455 0.456 0.456 0.456 0.456 0.456 0.456 0.456 0.456
0.456 0.456 0.456 0.456 0.456 0.456 0.456 0.456 0.456 0.456 0.456 0.456 0.456 0.456 0.456 0.456 0.456 0.455 0.455 0.455 0.455 0.454 0.454 0.454 0.454 0.453 0.453 0.453 0.453 0.453 0.453 0.453 0.453 0.453 0.453 0.452 0.452 0.452 0.453 0.452 0.453 0.453 0.453 0.453 0.450 0.439 0.436 0.437 0.437 0.437 0.438 0.438 0.438 0.438 0.438 0.438 0.438 0.438 0.439 0.439 0.439 0.443 0.451 0.451 0.453 0.454 0.453 0.453 0.456 0.456 0.456 0.456 0.456 0.456 0.456
0.456 0.456 0.456 0.456 0.456 0.456 0.456 0.456 0.456 0.456 0.456 0.456 0.456 0.456 0.456 0.456 0.456 0.456 0.455 0.455 0.455 0.455 0.454 0.454 0.454 0.453 0.453 0.453 0.453 0.453 0.453 0.453 0.453 0.453 0.452 0.452 0.452 0.452 0.452 0.452 0.452 0.453 0.453 0.453 0.449 0.437 0.436 0.436 0.437 0.438 0.438 0.438 0.438 0.438 0.438 0.439 0.439 0.439 0.439 0.439 0.439 0.445 0.452 0.451 0.451 0.452 0.453 0.454 0.454 0.454 0.456 0.456 0.456 0.456 0.456
0.456 0.456 0.456 0.456 0.456 0.456 0.456 0.456 0.456 0.456 0.456 0.456 0.456 0.456 0.456 0.456 0.455 0.455 0.455 0.455 0.455 0.455 0.454 0.454 0.454 0.454 0.454 0.454 0.454 0.453 0.453 0.453 0.453 0.453 0.453 0.452 0.452 0.452 0.452 0.452 0.452 0.452 0.453 0.453 0.448 0.437 0.437 0.436 0.437 0.438 0.439 0.438 0.439 0.439 0.439 0.439 0.439 0.439 0.439 0.439 0.440 0.448 0.452 0.452 0.452 0.452 0.454 0.455 0.455 0.455 0.455 0.455 0.456 0.456 0.456
0.456 0.456 0.456 0.456 0.456 0.456 0.456 0.456 0.456 0.456 0.456 0.456 0.456 0.456 0.455 0.455 0.455 0.455 0.455 0.455 0.455 0.454 0.454 0.454 0.454 0.454 0.454 0.454 0.454 0.453 0.453 0.453 0.453 0.453 0.453 0.453 0.453 0.453 0.453 0.453 0.453 0.453 0.453 0.453 0.451 0.447 0.445 0.444 0.444 0.442 0.442 0.440 0.439 0.439 0.439 0.439 0.439 0.439 0.439 0.439 0.440 0.449 0.452 0.452 0.452 0.453 0.454 0.454 0.455 0.456 0.456 0.456 0.456 0.455 0.456
0.456 0.456 0.456 0.456 0.456 0.456 0.456 0.456 0.456 0.456 0.456 0.456 0.456 0.456 0.455 0.455 0.454 0.454 0.455 0.454 0.454 0.454 0.454 0.454 0.453 0.454 0.454 0.454 0.453 0.453 0.453 0.453 0.453 0.453 0.453 0.453 0.453 0.453 0.453 0.453 0.453 0.453 0.453 0.453 0.451 0.450 0.450 0.450 0.450 0.449 0.449 0.449 0.439 0.439 0.439 0.439 0.440 0.439 0.440 0.440 0.440 0.450 0.453 0.452 0.452 0.453 0.453 0.454 0.455 0.456 0.456 0.456 0.456 0.456 0.455
0.456 0.456 0.456 0.456 0.456 0.456 0.456 0.456 0.456 0.456 0.456 0.456 0.456 0.456 0.454 0.454 0.454 0.454 0.454 0.454 0.454 0.454 0.454 0.454 0.453 0.453 0.453 0.453 0.453 0.453 0.453 0.453 0.453 0.453 0.453 0.453 0.453 0.453 0.453 0.453 0.453 0.453 0.453 0.452 0.450 0.449 0.448 0.448 0.449 0.449 0.449 0.447 0.439 0.439 0.439 0.439 0.440 0.439 0.440 0.445 0.446 0.451 0.451 0.452 0.452 0.453 0.453 0.453 0.455 0.455 0.456 0.456 0.456 0.456 0.456
0.456 0.456 0.456 0.456 0.456 0.456 0.456 0.456 0.456 0.456 0.456 0.456 0.456 0.455 0.454 0.454 0.453 0.454 0.454 0.454 0.454 0.454 0.453 0.453 0.453 0.453 0.453 0.453 0.453 0.453 0.453 0.452 0.452 0.452 0.453 0.452 0.452 0.452 0.452 0.453 0.453 0.453 0.452 0.451 0.450 0.447 0.445 0.444 0.445 0.445 0.444 0.441 0.439 0.439 0.440 0.440 0.440 0.440 0.440 0.450 0.451 0.451 0.450 0.451 0.451 0.453 0.453 0.452 0.453 0.453 0.454 0.454 0.455 0.455 0.455
0.456 0.456 0.456 0.456 0.456 0.456 0.456 0.456 0.456 0.456 0.456 0.456 0.456 0.455 0.453 0.453 0.453 0.454 0.454 0.454 0.454 0.453 0.453 0.453 0.453 0.453 0.453 0.453 0.453 0.453 0.453 0.452 0.452 0.452 0.452 0.452 0.452 0.452 0.453 0.452 0.452 0.453 0.452 0.451 0.443 0.441 0.439 0.439 0.440 0.440 0.439 0.438 0.439 0.439 0.440 0.440 0.440 0.440 0.441 0.451 0.451 0.451 0.451 0.451 0.452 0.452 0.452 0.452 0.453 0.453 0.454 0.454 0.455 0.455 0.456
0.456 0.456 0.456 0.456 0.456 0.456 0.456 0.456 0.456 0.456 0.456 0.456 0.456 0.454 0.453 0.453 0.453 0.454 0.454 0.454 0.453 0.453 0.453 0.453 0.453 0.453 0.453 0.453 0.453 0.453 0.453 0.452 0.452 0.452 0.452 0.452 0.452 0.452 0.452 0.452 0.452 0.453 0.452 0.448 0.435 0.435 0.435 0.436 0.436 0.436 0.436 0.437 0.439 0.439 0.440 0.440 0.441 0.441 0.442 0.450 0.451 0.451 0.451 0.451 0.452 0.452 0.452 0.452 0.453 0.453 0.453 0.454 0.454 0.455 0.455
0.456 0.456 0.456 0.456 0.456 0.456 0.456 0.456 0.456 0.456 0.456 0.456 0.456 0.453 0.453 0.452 0.452 0.454 0.454 0.454 0.453 0.453 0.453 0.453 0.453 0.453 0.453 0.453 0.453 0.453 0.452 0.453 0.452 0.452 0.452 0.452 0.452 0.452 0.452 0.452 0.452 0.453 0.452 0.446 0.436 0.436 0.436 0.436 0.436 0.436 0.436 0.438 0.439 0.439 0.440 0.441 0.441 0.441 0.443 0.449 0.450 0.451 0.451 0.451 0.450 0.451 0.451 0.452 0.452 0.453 0.453 0.454 0.454 0.455 0.455
0.456 0.456 0.456 0.456 0.456 0.456 0.455 0.455 0.455 0.455 0.455 0.455 0.455 0.453 0.452 0.452 0.451 0.452 0.452 0.452 0.452 0.453 0.453 0.453 0.453 0.453 0.452 0.452 0.452 0.452 0.452 0.452 0.452 0.452 0.453 0.453 0.453 0.453 0.453 0.453 0.453 0.453 0.452 0.445 0.436 0.436 0.436 0.436 0.436 0.436 0.436 0.438 0.439 0.439 0.440 0.441 0.441 0.441 0.443 0.447 0.448 0.449 0.451 0.451 0.450 0.451 0.451 0.451 0.452 0.453 0.453 0.454 0.454 0.455 0.455
0.456 0.456 0.456 0.456 0.456 0.456 0.455 0.455 0.454 0.453 0.452 0.452 0.452 0.452 0.452 0.451 0.450 0.448 0.449 0.448 0.448 0.449 0.450 0.450 0.450 0.450 0.450 0.451 0.451 0.451 0.451 0.451 0.451 0.451 0.451 0.451 0.452 0.452 0.452 0.452 0.452 0.452 0.452 0.441 0.436 0.436 0.436 0.435 0.435 0.436 0.436 0.438 0.438 0.438 0.441 0.441 0.441 0.441 0.443 0.445 0.445 0.447 0.449 0.450 0.449 0.450 0.450 0.450 0.451 0.452 0.452 0.452 0.453 0.454 0.455
-9999.000 0.456 0.456 0.456 0.456 0.456 0.455 0.455 0.454 0.454 0.453 0.453 0.452 0.452 0.451 0.450 0.449 0.448 0.447 0.447 0.446 0.446 0.446 0.446 0.446 0.446 0.447 0.447 0.447 0.447 0.447 0.447 0.447 0.446 0.446 0.445 0.444 0.445 0.446 0.446 0.446 0.448 0.447 0.438 0.436 0.436 0.436 0.436 0.436 0.436 0.436 0.438 0.438 0.439 0.441 0.440 0.441 0.441 0.443 0.444 0.444 0.445 0.447 0.448 0.449 0.449 0.449 0.450 0.451 0.451 0.452 0.452 0.453 0.453 0.454
-9999.000 0.456 0.456 0.456 0.456 0.456 0.456 0.455 0.454 0.454 0.453 0.452 0.452 0.451 0.450 0.449 0.448 0.448 0.447 0.447 0.446 0.446 0.446 0.446 0.445 0.445 0.445 0.445 0.445 0.445 0.445 0.445 0.445 0.444 0.443 0.443 0.443 0.443 0.442 0.442 0.441 0.441 0.440 0.438 0.436 0.436 0.436 0.436 0.436 0.436 0.436 0.437 0.437 0.439 0.441 0.441 0.441 0.441 0.442 0.444 0.444 0.444 0.444 0.446 0.447 0.448 0.449 0.450 0.451 0.451 0.452 0.452 0.453 0.453 0.453
-9999.000 0.456 0.456 0.456 0.456 0.456 0.456 0.456 0.455 0.454 0.453 0.453 0.452 0.451 0.450 0.448 0.447 0.446 0.446 0.446 0.446 0.446 0.445 0.445 0.445 0.445 0.445 0.445 0.446 0.446 0.445 0.445 0.444 0.444 0.443 0.443 0.443 0.443 0.443 0.442 0.442 0.442 0.441 0.440 0.438 0.437 0.437 0.436 0.436 0.436 0.436 0.437 0.437 0.439 0.442 0.442 0.442 0.441 0.441 0.443 0.443 0.443 0.445 0.445 0.445 0.446 0.448 0.449 0.450 0.451 0.451 0.452 0.452 0.453 0.453
-9999.000 0.456 0.456 0.456 0.456 0.456 0.455 0.455 0.455 0.454 0.453 0.452 0.452 0.450 0.449 0.448 0.447 0.446 0.446 0.445 0.445 0.445 0.445 0.445 0.445 0.445 0.445 0.445 0.445 0.444 0.444 0.444 0.444 0.444 0.443 0.443 0.443 0.443 0.442 0.442 0.441 0.441 0.441 0.440 0.439 0.439 0.439 0.438 0.437 0.437 0.436 0.436 0.436 0.437 0.439 0.439 0.440 0.441 0.442 0.443 0.444 0.444 0.444 0.444 0.443 0.444 0.447 0.449 0.450 0.450 0.451 0.452 0.452 0.453 0.453
-9999.000 0.456 0.456 0.456 0.456 0.456 0.456 0.456 0.455 0.454 0.454 0.453 0.451 0.450 0.448 0.447 0.446 0.445 0.444 0.444 0.444 0.444 0.444 0.445 0.445 0.445 0.445 0.445 0.445 0.445 0.444 0.444 0.443 0.443 0.443 0.442 0.442 0.442 0.441 0.441 0.441 0.440 0.440 0.440 0.439 0.439 0.438 0.438 0.437 0.437 0.436 0.436 0.435 0.434 0.434 0.434 0.434 0.435 0.436 0.437 0.438 0.439 0.441 0.441 0.442 0.442 0.445 0.447 0.448 0.449 0.450 0.451 0.452 0.452 0.453
-9999.000 0.456 0.456 0.456 0.456 0.456 0.456 0.456 0.456 0.455 0.453 0.452 0.451 0.449 0.447 0.445 0.444 0.444 0.444 0.443 0.443 0.443 0.442 0.443 0.444 0.444 0.445 0.445 0.445 0.445 0.445 0.444 0.444 0.444 0.443 0.443 0.443 0.442 0.442 0.441 0.441 0.440 0.440 0.439 0.439 0.438 0.437 0.437 0.436 0.436 0.435 0.435 0.434 0.434 0.434 0.434 0.433 0.434 0.435 0.435 0.435 0.436 0.436 0.438 0.440 0.440 0.440 0.441 0.443 0.445 0.447 0.448 0.450 0.451 0.452
-9999.000 0.456 0.456 0.456 0.456 0.456 0.456 0.456 0.456 0.455 0.454 0.453 0.451 0.450 0.447 0.445 0.443 0.442 0.442 0.442 0.443 0.444 0.441 0.442 0.441 0.439 0.440 0.442 0.444 0.444 0.445 0.444 0.444 0.444 0.444 0.444 0.443 0.443 0.442 0.442 0.442 0.441 0.441 0.440 0.439 0.439 0.438 0.437 0.436 0.436 0.435 0.434 0.434 0.433 0.433 0.432 0.433 0.433 0.434 0.434 0.435 0.435 0.436 0.437 0.438 0.439 0.440 0.441 0.443 0.444 0.445 0.447 0.449 0.450 0.451
-9999.000 0.456 0.456 0.456 0.456 0.456 0.456 0.456 0.455 0.454 0.453 0.452 0.451 0.449 0.447 0.444 0.442 0.441 0.442 0.442 0.443 0.443 0.439 0.440 0.439 0.431 0.430 0.431 0.433 0.435 0.437 0.438 0.439 0.439 0.440 0.441 0.441 0.442 0.442 0.442 0.442 0.441 0.441 0.441 0.440 0.439 0.438 0.438 0.437 0.436 0.436 0.435 0.434 0.434 0.433 0.433 0.433 0.433 0.433 0.434 0.434 0.435 0.436 0.436 0.437 0.438 0.439 0.441 0.442 0.444 0.446 0.448 0.449 0.450 0.451
-9999.000 -9999.000 0.456 0.456 0.456 0.456 0.456 0.456 0.455 0.454 0.452 0.451 0.450 0.449 0.446 0.443 0.441 0.441 0.442 0.442 0.443 0.441 0.436 0.438 0.436 0.429 0.429 0.429 0.429 0.429 0.430 0.431 0.432 0.432 0.432 0.434 0.434 0.436 0.439 0.438 0.438 0.439 0.439 0.440 0.440 0.439 0.439 0.438 0.437 0.437 0.436 0.435 0.434 0.434 0.434 0.433 0.433 0.434 0.434 0.434 0.434 0.435 0.436 0.436 0.437 0.438 0.439 0.440 0.442 0.444 0.446 0.447 0.449 0.450 0.451
-9999.000 -9999.000 0.455 0.456 0.455 0.455 0.454 0.454 0.455 0.454 0.453 0.453 0.452 0.450 0.447 0.444 0.443 0.442 0.443 0.443 0.444 0.441 0.435 0.437 0.433 0.428 0.429 0.429 0.429 0.430 0.430 0.430 0.430 0.429 0.430 0.430 0.431 0.433 0.436 0.433 0.432 0.433 0.432 0.432 0.432 0.433 0.433 0.433 0.434 0.436 0.435 0.434 0.432 0.432 0.432 0.432 0.433 0.434 0.434 0.433 0.433 0.434 0.435 0.436 0.437 0.438 0.439 0.441 0.443 0.444 0.446 0.447 0.449 0.450 0.451
-9999.000 -9999.000 0.454 0.454 0.454 0.454 0.452 0.452 0.454 0.453 0.453 0.454 0.452 0.450 0.448 0.446 0.445 0.444 0.444 0.444 0.444 0.440 0.434 0.435 0.431 0.429 0.429 0.429 0.430 0.430 0.430 0.430 0.430 0.430 0.430 0.431 0.432 0.434 0.434 0.432 0.431 0.431 0.430 0.428 0.428 0.429 0.429 0.430 0.431 0.436 0.435 0.434 0.432 0.431 0.430 0.430 0.431 0.433 0.434 0.432 0.432 0.433 0.434 0.435 0.436 0.437 0.439 0.441 0.443 0.444 0.446 0.447 0.449 0.450 0.452
-9999.000 -9999.000 0.453 0.454 0.453 0.453 0.452 0.451 0.450 0.449 0.448 0.448 0.446 0.445 0.445 0.440 0.443 0.445 0.445 0.445 0.446 0.437 0.432 0.433 0.430 0.430 0.430 0.430 0.430 0.430 0.430 0.431 0.431 0.431 0.431 0.431 0.432 0.433 0.433 0.432 0.431 0.432 0.430 0.429 0.429 0.429 0.429 0.430 0.430 0.434 0.434 0.433 0.432 0.432 0.431 0.430 0.431 0.432 0.433 0.432 0.431 0.431 0.431 0.432 0.432 0.432 0.433 0.435 0.435 0.436 0.438 0.439 0.438 0.442 0.443
-9999.000 -9999.000 -9999.000 0.452 0.452 0.452 0.452 0.451 0.450 0.447 0.446 0.443 0.441 0.439 0.439 0.437 0.438 0.445 0.447 0.446 0.447 0.434 0.431 0.432 0.430 0.430 0.431 0.430 0.431 0.431 0.431 0.431 0.431 0.432 0.432 0.432 0.432 0.432 0.433 0.432 0.431 0.430 0.430 0.430 0.430 0.430 0.430 0.430 0.431 0.432 0.433 0.432 0.432 0.432 0.431 0.431 0.431 0.432 0.432 0.432 0.432 0.433 0.433 0.434 0.434 0.434 0.435 0.435 0.435 0.435 0.435 0.435 0.435 0.436 0.436
-9999.000 -9999.000 -9999.000 -9999.000 0.450 0.449 0.448 0.447 0.447 0.446 0.444 0.442 0.442 0.450 0.448 0.447 0.444 0.448 0.449 0.448 0.448 0.434 0.431 0.431 0.431 0.431 0.431 0.431 0.431 0.431 0.431 0.432 0.432 0.432 0.432 0.432 0.432 0.432 0.431 0.432 0.430 0.431 0.431 0.430 0.430 0.430 0.430 0.430 0.430 0.431 0.431 0.432 0.432 0.432 0.431 0.431 0.431 0.432 0.432 0.432 0.432 0.432 0.432 0.432 0.433 0.434 0.434 0.434 0.434 0.434 0.434 0.434 0.434 0.434 0.434
-9999.000 -9999.000 -9999.000 -9999.000 0.450 0.449 0.447 0.446 0.444 0.443 0.441 0.439 0.437 0.437 0.436 0.435 0.440 0.442 0.441 0.447 0.447 0.432 0.431 0.431 0.432 0.432 0.432 0.431 0.432 0.432 0.432 0.432 0.432 0.432 0.433 0.432 0.432 0.431 0.431 0.430 0.428 0.431 0.431 0.430 0.430 0.430 0.431 0.430 0.430 0.430 0.430 0.432 0.432 0.432 0.431 0.431 0.431 0.431 0.432 0.433 0.433 0.433 0.433 0.433 0.434 0.434 0.434 0.434 0.434 0.434 0.434 0.434 0.434 0.434 0.433
-9999.000 -9999.000 -9999.000 -9999.000 -9999.000 0.448 0.447 0.445 0.444 0.442 0.440 0.438 0.437 0.435 0.433 0.432 0.431 0.431 0.431 0.432 0.432 0.431 0.431 0.432 0.432 0.433 0.433 0.433 0.432 0.433 0.433 0.433 0.433 0.433 0.433 0.432 0.431 0.430 0.430 0.429 0.427 0.431 0.431 0.430 0.430 0.430 0.430 0.429 0.429 0.430 0.430 0.431 0.432 0.432 0.431 0.431 0.431 0.432 0.432 0.433 0.433 0.433 0.434 0.434 0.434 0.434 0.434 0.434 0.434 0.434 0.434 0.434 0.434 0.432 0.432
