COT Code/vwc/VWCL0006N0001.asc
ncols         676
nrows         635
xllcorner     24483.000000
yllcorner     28694.204819
cellsize      5.000000
NODATA_value  -9999.0
[rows 495 to 527 of 635, columns 225 to 299 of 676]
0.455 0.455 0.455 0.455 0.455 0.455 0.455 0.456 0.456 0.456 0.455 0.454 0.452 0.452 0.451 0.451 0.451 0.450 0.448 0.445 0.443 0.441 0.439 0.438 0.437 0.436 0.435 0.434 0.433 0.434 0.433 0.433 0.432 0.430 0.429 0.428 0.428 0.428 0.427 0.427 0.427 0.426 0.427 0.429 0.428 0.395 0.380 0.380 0.379 0.379 0.380 0.381 0.385 0.395 0.411 0.429 0.441 0.448 0.450 0.454 0.456 0.456 0.455 0.455 0.455 0.455 0.455 0.455 0.455 0.455 0.455 0.455 0.455 0.455 0.455
0.455 0.455 0.455 0.455 0.455 0.455 0.455 0.456 0.456 0.455 0.454 0.453 0.452 0.452 0.451 0.451 0.451 0.449 0.447 0.445 0.442 0.440 0.438 0.437 0.436 0.436 0.435 0.434 0.433 0.433 0.432 0.431 0.430 0.429 0.428 0.428 0.428 0.428 0.427 0.427 0.427 0.427 0.429 0.429 0.426 0.391 0.381 0.380 0.379 0.379 0.379 0.380 0.380 0.380 0.384 0.401 0.421 0.436 0.443 0.445 0.448 0.455 0.456 0.456 0.455 0.455 0.455 0.455 0.455 0.455 0.455 0.455 0.455 0.455 0.455
0.455 0.455 0.455 0.455 0.455 0.455 0.455 0.456 0.456 0.455 0.454 0.452 0.452 0.452 0.451 0.451 0.450 0.448 0.446 0.444 0.441 0.440 0.438 0.437 0.436 0.435 0.434 0.434 0.433 0.432 0.431 0.430 0.429 0.429 0.428 0.428 0.428 0.427 0.427 0.426 0.426 0.427 0.429 0.429 0.424 0.389 0.381 0.380 0.379 0.379 0.379 0.379 0.380 0.379 0.380 0.381 0.392 0.411 0.428 0.438 0.442 0.443 0.447 0.455 0.456 0.455 0.455 0.455 0.455 0.455 0.455 0.455 0.455 0.455 0.455
0.455 0.455 0.455 0.455 0.455 0.455 0.455 0.456 0.456 0.455 0.453 0.452 0.453 0.452 0.451 0.450 0.450 0.448 0.444 0.441 0.440 0.439 0.438 0.437 0.436 0.435 0.434 0.433 0.433 0.431 0.430 0.429 0.429 0.429 0.428 0.428 0.428 0.427 0.427 0.426 0.426 0.426 0.429 0.430 0.421 0.387 0.381 0.379 0.379 0.379 0.378 0.379 0.380 0.380 0.380 0.380 0.381 0.386 0.399 0.415 0.431 0.439 0.441 0.446 0.452 0.456 0.456 0.455 0.455 0.455 0.455 0.455 0.455 0.455 0.455
0.455 0.455 0.455 0.455 0.455 0.455 0.455 0.456 0.456 0.456 0.456 0.455 0.454 0.452 0.451 0.450 0.449 0.446 0.442 0.441 0.440 0.438 0.437 0.436 0.435 0.434 0.433 0.433 0.432 0.430 0.430 0.429 0.429 0.428 0.428 0.428 0.427 0.427 0.426 0.427 0.427 0.427 0.429 0.430 0.418 0.385 0.379 0.378 0.378 0.378 0.379 0.379 0.380 0.380 0.380 0.380 0.380 0.381 0.383 0.388 0.400 0.416 0.431 0.440 0.446 0.449 0.455 0.456 0.456 0.455 0.455 0.455 0.455 0.455 0.455
0.455 0.455 0.455 0.455 0.455 0.455 0.456 0.456 0.456 0.456 0.456 0.455 0.454 0.453 0.451 0.449 0.447 0.444 0.442 0.441 0.440 0.438 0.436 0.436 0.434 0.433 0.432 0.431 0.430 0.430 0.429 0.429 0.428 0.428 0.428 0.426 0.426 0.426 0.426 0.426 0.427 0.428 0.430 0.430 0.415 0.384 0.376 0.377 0.377 0.378 0.379 0.380 0.380 0.380 0.380 0.380 0.380 0.381 0.382 0.382 0.384 0.396 0.417 0.421 0.434 0.439 0.442 0.448 0.456 0.456 0.456 0.455 0.455 0.455 0.455
0.455 0.455 0.455 0.455 0.455 0.455 0.456 0.456 0.456 0.456 0.455 0.454 0.452 0.451 0.450 0.447 0.445 0.444 0.443 0.442 0.441 0.440 0.438 0.437 0.435 0.433 0.432 0.430 0.429 0.429 0.429 0.428 0.427 0.427 0.427 0.425 0.424 0.425 0.425 0.426 0.426 0.428 0.429 0.429 0.411 0.379 0.375 0.375 0.377 0.379 0.380 0.380 0.380 0.380 0.380 0.381 0.381 0.381 0.382 0.381 0.382 0.399 0.420 0.418 0.418 0.425 0.435 0.440 0.445 0.452 0.456 0.456 0.455 0.455 0.455
0.455 0.455 0.455 0.455 0.455 0.455 0.456 0.456 0.456 0.456 0.456 0.454 0.453 0.451 0.448 0.445 0.444 0.444 0.443 0.442 0.441 0.439 0.438 0.437 0.436 0.435 0.433 0.433 0.432 0.432 0.431 0.429 0.428 0.428 0.427 0.424 0.424 0.425 0.425 0.425 0.425 0.426 0.429 0.429 0.409 0.381 0.378 0.377 0.379 0.380 0.381 0.381 0.381 0.381 0.381 0.381 0.381 0.381 0.381 0.381 0.385 0.406 0.422 0.422 0.421 0.427 0.437 0.441 0.445 0.449 0.453 0.456 0.456 0.456 0.455
0.455 0.455 0.455 0.455 0.455 0.455 0.456 0.456 0.456 0.456 0.456 0.455 0.453 0.450 0.444 0.443 0.442 0.442 0.442 0.441 0.440 0.439 0.438 0.437 0.436 0.435 0.434 0.433 0.433 0.432 0.432 0.431 0.431 0.430 0.430 0.430 0.429 0.427 0.428 0.428 0.428 0.428 0.429 0.429 0.417 0.405 0.400 0.395 0.395 0.392 0.391 0.386 0.382 0.381 0.381 0.381 0.381 0.382 0.382 0.382 0.386 0.411 0.423 0.424 0.426 0.432 0.436 0.439 0.444 0.448 0.452 0.454 0.454 0.456 0.456
0.456 0.455 0.455 0.455 0.455 0.455 0.456 0.456 0.456 0.456 0.456 0.455 0.452 0.448 0.442 0.441 0.439 0.439 0.440 0.439 0.438 0.437 0.436 0.434 0.433 0.433 0.433 0.433 0.432 0.432 0.432 0.431 0.430 0.430 0.429 0.429 0.429 0.429 0.429 0.429 0.429 0.429 0.429 0.429 0.417 0.412 0.412 0.411 0.410 0.410 0.409 0.408 0.384 0.382 0.381 0.382 0.383 0.383 0.383 0.384 0.388 0.414 0.424 0.425 0.427 0.431 0.433 0.436 0.443 0.447 0.450 0.453 0.453 0.453 0.455
0.456 0.455 0.455 0.455 0.455 0.455 0.456 0.456 0.456 0.456 0.455 0.454 0.451 0.446 0.440 0.438 0.436 0.438 0.438 0.438 0.437 0.436 0.435 0.433 0.432 0.430 0.430 0.430 0.430 0.430 0.430 0.429 0.429 0.429 0.429 0.429 0.429 0.429 0.429 0.429 0.429 0.429 0.428 0.425 0.414 0.410 0.407 0.407 0.408 0.407 0.407 0.402 0.383 0.383 0.383 0.383 0.383 0.384 0.385 0.397 0.401 0.415 0.420 0.422 0.425 0.429 0.430 0.433 0.439 0.444 0.447 0.451 0.450 0.450 0.452
0.456 0.455 0.455 0.455 0.455 0.455 0.456 0.456 0.456 0.456 0.455 0.453 0.451 0.444 0.437 0.436 0.434 0.436 0.437 0.437 0.436 0.434 0.432 0.431 0.430 0.429 0.429 0.428 0.428 0.428 0.427 0.426 0.426 0.426 0.426 0.426 0.426 0.426 0.426 0.427 0.428 0.429 0.425 0.419 0.414 0.403 0.397 0.395 0.396 0.396 0.394 0.388 0.383 0.382 0.383 0.383 0.383 0.384 0.386 0.411 0.416 0.416 0.414 0.417 0.421 0.426 0.427 0.428 0.432 0.435 0.439 0.441 0.443 0.444 0.447
0.456 0.455 0.455 0.455 0.455 0.455 0.456 0.456 0.456 0.456 0.455 0.453 0.451 0.441 0.434 0.432 0.431 0.434 0.436 0.436 0.434 0.432 0.431 0.430 0.429 0.429 0.428 0.428 0.427 0.427 0.426 0.425 0.425 0.425 0.425 0.425 0.425 0.425 0.426 0.426 0.426 0.427 0.421 0.415 0.395 0.387 0.383 0.383 0.384 0.384 0.383 0.381 0.382 0.382 0.383 0.384 0.384 0.385 0.388 0.414 0.417 0.417 0.417 0.418 0.421 0.424 0.425 0.427 0.430 0.432 0.435 0.438 0.441 0.444 0.447
0.456 0.456 0.456 0.456 0.456 0.455 0.456 0.456 0.456 0.456 0.454 0.452 0.450 0.439 0.432 0.429 0.429 0.435 0.436 0.435 0.432 0.431 0.430 0.429 0.429 0.428 0.427 0.427 0.426 0.426 0.426 0.425 0.425 0.425 0.425 0.425 0.425 0.425 0.425 0.425 0.426 0.426 0.421 0.407 0.376 0.374 0.374 0.375 0.375 0.376 0.375 0.378 0.382 0.382 0.384 0.385 0.385 0.385 0.390 0.413 0.417 0.417 0.418 0.419 0.420 0.421 0.423 0.425 0.428 0.430 0.433 0.436 0.439 0.442 0.445
0.456 0.456 0.456 0.456 0.456 0.455 0.456 0.456 0.456 0.455 0.453 0.451 0.447 0.434 0.428 0.426 0.427 0.436 0.435 0.433 0.431 0.430 0.429 0.428 0.428 0.428 0.428 0.426 0.426 0.426 0.426 0.426 0.425 0.425 0.425 0.425 0.425 0.425 0.425 0.425 0.426 0.425 0.421 0.403 0.376 0.374 0.375 0.375 0.375 0.375 0.375 0.378 0.381 0.381 0.385 0.385 0.386 0.386 0.392 0.410 0.413 0.415 0.417 0.417 0.416 0.419 0.419 0.423 0.426 0.429 0.432 0.435 0.438 0.441 0.444
0.456 0.456 0.455 0.454 0.453 0.452 0.450 0.448 0.447 0.445 0.445 0.443 0.440 0.429 0.426 0.422 0.421 0.423 0.423 0.423 0.425 0.426 0.426 0.426 0.426 0.426 0.424 0.423 0.424 0.424 0.424 0.424 0.425 0.425 0.425 0.425 0.426 0.426 0.425 0.426 0.426 0.425 0.422 0.399 0.376 0.375 0.375 0.374 0.374 0.375 0.375 0.378 0.381 0.381 0.385 0.386 0.386 0.386 0.392 0.403 0.407 0.410 0.415 0.416 0.413 0.416 0.416 0.420 0.424 0.427 0.430 0.434 0.437 0.440 0.443
0.456 0.456 0.455 0.454 0.452 0.449 0.446 0.443 0.439 0.434 0.430 0.427 0.424 0.423 0.422 0.419 0.412 0.408 0.411 0.408 0.409 0.411 0.413 0.414 0.415 0.414 0.415 0.417 0.418 0.418 0.419 0.420 0.418 0.419 0.420 0.420 0.422 0.422 0.422 0.423 0.423 0.422 0.421 0.390 0.375 0.375 0.374 0.374 0.373 0.374 0.375 0.378 0.380 0.381 0.386 0.386 0.386 0.386 0.391 0.397 0.399 0.403 0.410 0.411 0.411 0.413 0.413 0.415 0.418 0.421 0.424 0.427 0.433 0.436 0.439
-9999.000 0.456 0.456 0.454 0.452 0.449 0.446 0.442 0.439 0.435 0.431 0.427 0.424 0.421 0.418 0.414 0.409 0.405 0.404 0.403 0.402 0.402 0.402 0.401 0.400 0.400 0.402 0.403 0.404 0.405 0.406 0.406 0.405 0.403 0.401 0.399 0.398 0.399 0.401 0.402 0.403 0.406 0.403 0.382 0.375 0.374 0.375 0.374 0.374 0.375 0.375 0.378 0.379 0.381 0.385 0.385 0.386 0.387 0.391 0.394 0.395 0.396 0.402 0.406 0.408 0.409 0.410 0.414 0.417 0.420 0.423 0.426 0.429 0.432 0.434
-9999.000 0.456 0.456 0.455 0.453 0.450 0.447 0.443 0.439 0.434 0.430 0.426 0.422 0.418 0.413 0.409 0.407 0.405 0.403 0.402 0.401 0.400 0.400 0.398 0.398 0.398 0.398 0.397 0.398 0.398 0.398 0.397 0.396 0.395 0.393 0.392 0.391 0.391 0.390 0.389 0.387 0.386 0.386 0.379 0.376 0.376 0.376 0.375 0.375 0.376 0.376 0.377 0.378 0.383 0.386 0.386 0.387 0.387 0.391 0.394 0.395 0.395 0.396 0.400 0.402 0.405 0.409 0.412 0.415 0.418 0.421 0.424 0.427 0.430 0.433
-9999.000 0.456 0.456 0.455 0.454 0.452 0.449 0.446 0.442 0.437 0.432 0.427 0.422 0.416 0.411 0.407 0.404 0.401 0.400 0.399 0.399 0.398 0.397 0.397 0.397 0.397 0.398 0.398 0.398 0.398 0.398 0.396 0.394 0.394 0.392 0.392 0.391 0.391 0.390 0.389 0.388 0.387 0.386 0.383 0.380 0.378 0.377 0.375 0.375 0.376 0.376 0.376 0.377 0.381 0.387 0.387 0.387 0.387 0.388 0.391 0.393 0.393 0.396 0.397 0.397 0.400 0.406 0.410 0.413 0.416 0.419 0.422 0.425 0.428 0.431
-9999.000 0.456 0.454 0.455 0.452 0.450 0.448 0.446 0.442 0.436 0.431 0.426 0.420 0.414 0.409 0.406 0.403 0.400 0.399 0.398 0.397 0.396 0.396 0.396 0.397 0.397 0.397 0.397 0.396 0.395 0.395 0.394 0.393 0.393 0.392 0.391 0.391 0.390 0.389 0.388 0.387 0.386 0.385 0.385 0.382 0.381 0.380 0.379 0.377 0.376 0.376 0.375 0.375 0.377 0.381 0.382 0.384 0.386 0.388 0.391 0.392 0.393 0.395 0.394 0.393 0.395 0.405 0.409 0.411 0.414 0.417 0.420 0.423 0.426 0.431
-9999.000 0.454 0.453 0.456 0.456 0.455 0.452 0.449 0.445 0.439 0.433 0.426 0.419 0.411 0.406 0.403 0.400 0.397 0.395 0.395 0.395 0.395 0.395 0.396 0.396 0.396 0.397 0.397 0.397 0.396 0.395 0.394 0.392 0.391 0.390 0.389 0.388 0.388 0.387 0.386 0.386 0.385 0.384 0.383 0.382 0.381 0.380 0.379 0.377 0.376 0.375 0.374 0.373 0.372 0.371 0.371 0.371 0.373 0.375 0.378 0.380 0.383 0.386 0.387 0.388 0.390 0.397 0.403 0.407 0.410 0.414 0.417 0.420 0.425 0.430
-9999.000 0.454 0.456 0.456 0.456 0.456 0.454 0.451 0.446 0.441 0.433 0.424 0.417 0.410 0.404 0.399 0.396 0.394 0.394 0.393 0.393 0.393 0.391 0.393 0.394 0.395 0.396 0.397 0.396 0.396 0.395 0.395 0.394 0.393 0.392 0.391 0.390 0.389 0.388 0.387 0.386 0.384 0.383 0.382 0.381 0.379 0.378 0.377 0.376 0.374 0.373 0.372 0.372 0.371 0.370 0.370 0.370 0.371 0.372 0.373 0.374 0.375 0.376 0.380 0.383 0.385 0.384 0.389 0.393 0.398 0.403 0.408 0.414 0.419 0.423
-9999.000 0.452 0.451 0.453 0.454 0.455 0.455 0.453 0.448 0.443 0.435 0.427 0.419 0.411 0.403 0.397 0.393 0.391 0.389 0.390 0.392 0.393 0.387 0.389 0.388 0.383 0.386 0.388 0.393 0.395 0.395 0.395 0.394 0.392 0.392 0.392 0.392 0.390 0.389 0.389 0.388 0.386 0.385 0.384 0.383 0.381 0.379 0.378 0.376 0.374 0.373 0.371 0.370 0.369 0.368 0.368 0.368 0.369 0.370 0.372 0.373 0.374 0.375 0.377 0.379 0.381 0.383 0.387 0.390 0.394 0.398 0.404 0.409 0.415 0.419
-9999.000 0.450 0.449 0.450 0.451 0.451 0.449 0.449 0.444 0.438 0.431 0.422 0.418 0.410 0.401 0.393 0.389 0.387 0.389 0.391 0.392 0.392 0.382 0.384 0.382 0.367 0.366 0.367 0.371 0.375 0.379 0.382 0.384 0.383 0.385 0.387 0.388 0.390 0.390 0.390 0.389 0.388 0.387 0.385 0.383 0.382 0.380 0.379 0.377 0.375 0.374 0.373 0.372 0.370 0.369 0.369 0.368 0.369 0.370 0.371 0.372 0.373 0.374 0.376 0.378 0.380 0.383 0.386 0.389 0.393 0.400 0.406 0.410 0.414 0.419
-9999.000 -9999.000 0.449 0.450 0.450 0.450 0.449 0.447 0.442 0.436 0.427 0.419 0.415 0.410 0.400 0.391 0.385 0.387 0.389 0.391 0.392 0.387 0.377 0.379 0.375 0.363 0.361 0.362 0.362 0.363 0.365 0.368 0.368 0.369 0.370 0.372 0.373 0.377 0.382 0.381 0.380 0.383 0.384 0.384 0.383 0.382 0.381 0.379 0.378 0.376 0.375 0.373 0.371 0.370 0.370 0.370 0.369 0.370 0.370 0.371 0.371 0.373 0.374 0.376 0.378 0.380 0.382 0.385 0.389 0.394 0.399 0.404 0.408 0.413 0.418
-9999.000 -9999.000 0.444 0.448 0.445 0.443 0.440 0.438 0.440 0.436 0.429 0.426 0.419 0.411 0.402 0.394 0.390 0.389 0.390 0.392 0.393 0.387 0.374 0.376 0.370 0.360 0.360 0.361 0.362 0.362 0.364 0.364 0.364 0.363 0.364 0.365 0.367 0.371 0.376 0.370 0.369 0.370 0.370 0.369 0.369 0.371 0.372 0.371 0.373 0.375 0.374 0.372 0.369 0.368 0.368 0.369 0.369 0.370 0.371 0.371 0.371 0.371 0.372 0.374 0.377 0.380 0.382 0.385 0.390 0.395 0.399 0.404 0.408 0.413 0.418
-9999.000 -9999.000 0.439 0.440 0.440 0.437 0.429 0.428 0.436 0.431 0.430 0.430 0.422 0.413 0.406 0.400 0.396 0.394 0.393 0.394 0.395 0.385 0.371 0.372 0.366 0.360 0.361 0.361 0.362 0.363 0.364 0.364 0.365 0.364 0.365 0.366 0.368 0.372 0.372 0.368 0.367 0.367 0.364 0.361 0.362 0.363 0.363 0.364 0.368 0.375 0.374 0.371 0.368 0.367 0.364 0.365 0.366 0.369 0.370 0.369 0.368 0.368 0.371 0.372 0.375 0.378 0.382 0.387 0.391 0.394 0.399 0.404 0.409 0.414 0.419
-9999.000 -9999.000 0.437 0.436 0.434 0.430 0.424 0.418 0.415 0.411 0.408 0.407 0.403 0.400 0.398 0.387 0.392 0.397 0.397 0.397 0.398 0.378 0.367 0.369 0.364 0.362 0.363 0.362 0.363 0.363 0.364 0.364 0.365 0.365 0.365 0.366 0.368 0.370 0.370 0.369 0.366 0.366 0.363 0.362 0.362 0.362 0.363 0.364 0.365 0.370 0.371 0.369 0.367 0.366 0.364 0.364 0.365 0.367 0.368 0.367 0.364 0.365 0.366 0.366 0.368 0.368 0.371 0.374 0.375 0.377 0.381 0.384 0.384 0.392 0.394
-9999.000 -9999.000 -9999.000 0.428 0.426 0.424 0.421 0.416 0.411 0.404 0.399 0.393 0.388 0.386 0.385 0.381 0.383 0.398 0.401 0.401 0.402 0.373 0.365 0.366 0.363 0.364 0.364 0.364 0.364 0.364 0.365 0.364 0.365 0.366 0.366 0.367 0.367 0.368 0.369 0.369 0.366 0.364 0.364 0.363 0.363 0.364 0.364 0.365 0.366 0.367 0.368 0.368 0.366 0.366 0.365 0.365 0.365 0.366 0.367 0.367 0.367 0.368 0.368 0.370 0.370 0.371 0.373 0.373 0.373 0.373 0.374 0.375 0.374 0.376 0.378
-9999.000 -9999.000 -9999.000 -9999.000 0.415 0.412 0.407 0.405 0.404 0.399 0.393 0.390 0.390 0.408 0.405 0.399 0.394 0.405 0.407 0.405 0.406 0.373 0.365 0.365 0.364 0.365 0.365 0.364 0.365 0.365 0.366 0.366 0.366 0.367 0.367 0.368 0.368 0.368 0.367 0.367 0.364 0.365 0.365 0.364 0.364 0.365 0.365 0.365 0.364 0.365 0.366 0.366 0.366 0.366 0.366 0.365 0.366 0.366 0.366 0.367 0.367 0.367 0.367 0.367 0.369 0.370 0.371 0.371 0.371 0.371 0.371 0.372 0.372 0.372 0.373
-9999.000 -9999.000 -9999.000 -9999.000 0.412 0.408 0.404 0.400 0.395 0.391 0.386 0.381 0.378 0.379 0.377 0.375 0.385 0.389 0.391 0.403 0.402 0.368 0.365 0.366 0.366 0.367 0.366 0.365 0.366 0.367 0.367 0.367 0.367 0.368 0.368 0.367 0.367 0.366 0.366 0.365 0.361 0.365 0.365 0.364 0.364 0.364 0.365 0.365 0.363 0.364 0.364 0.366 0.367 0.366 0.365 0.365 0.365 0.366 0.367 0.368 0.368 0.368 0.368 0.370 0.371 0.371 0.371 0.371 0.370 0.370 0.371 0.372 0.372 0.372 0.371
-9999.000 -9999.000 -9999.000 -9999.000 -9999.000 0.406 0.402 0.398 0.394 0.389 0.385 0.380 0.376 0.372 0.369 0.367 0.366 0.366 0.367 0.368 0.368 0.365 0.365 0.366 0.367 0.368 0.368 0.368 0.368 0.368 0.368 0.368 0.368 0.369 0.368 0.367 0.366 0.364 0.364 0.362 0.358 0.364 0.364 0.363 0.364 0.363 0.363 0.363 0.363 0.363 0.363 0.366 0.367 0.367 0.366 0.365 0.365 0.367 0.368 0.369 0.369 0.369 0.370 0.371 0.371 0.371 0.371 0.372 0.371 0.371 0.372 0.372 0.370 0.368 0.368
