COT Code/vwc/VWCL0004N0001.asc
ncols         676
nrows         635
xllcorner     24483.000000
yllcorner     28694.204819
cellsize      5.000000
NODATA_value  -9999.0
[rows 99 to 131 of 635, columns 150 to 224 of 676]
0.448 0.448 0.448 0.448 0.448 0.448 0.448 0.448 0.448 0.448 0.454 0.456 0.447 0.436 0.434 0.432 0.410 0.397 0.399 0.403 0.403 0.405 0.408 0.411 0.417 0.423 0.424 0.423 0.423 0.422 0.421 0.420 0.419 0.419 0.419 0.417 0.413 0.412 0.412 0.397 0.392 0.394 0.411 0.425 0.427 0.428 0.431 0.435 0.437 0.440 0.447 0.449 0.449 0.450 0.454 0.456 0.456 0.456 0.456 0.456 0.456 0.456 0.454 0.450 0.448 0.446 0.447 0.446 0.444 0.444 0.449 0.442 0.437 0.435 0.435
0.448 0.448 0.448 0.448 0.448 0.448 0.448 0.448 0.448 0.448 0.456 0.456 0.444 0.435 0.434 0.430 0.413 0.400 0.399 0.404 0.405 0.405 0.407 0.410 0.414 0.418 0.418 0.419 0.418 0.417 0.418 0.416 0.414 0.413 0.412 0.410 0.409 0.410 0.404 0.390 0.390 0.390 0.395 0.408 0.414 0.417 0.421 0.425 0.431 0.434 0.437 0.442 0.445 0.447 0.449 0.454 0.455 0.455 0.455 0.456 0.456 0.456 0.456 0.456 0.454 0.449 0.444 0.442 0.441 0.442 0.449 0.438 0.437 0.435 0.434
0.448 0.448 0.448 0.448 0.448 0.448 0.448 0.448 0.448 0.448 0.456 0.455 0.444 0.435 0.433 0.430 0.410 0.398 0.398 0.406 0.409 0.412 0.413 0.414 0.416 0.417 0.415 0.415 0.414 0.413 0.414 0.412 0.411 0.409 0.406 0.406 0.408 0.409 0.408 0.395 0.388 0.382 0.383 0.393 0.400 0.405 0.411 0.414 0.422 0.428 0.431 0.433 0.437 0.445 0.446 0.449 0.454 0.455 0.453 0.454 0.455 0.456 0.456 0.456 0.455 0.455 0.454 0.452 0.447 0.446 0.447 0.437 0.435 0.434 0.434
0.448 0.448 0.448 0.448 0.448 0.448 0.448 0.448 0.448 0.448 0.453 0.456 0.444 0.436 0.432 0.432 0.416 0.401 0.397 0.408 0.414 0.417 0.419 0.420 0.420 0.419 0.415 0.414 0.413 0.411 0.410 0.409 0.407 0.405 0.403 0.406 0.408 0.409 0.409 0.397 0.384 0.376 0.378 0.383 0.387 0.393 0.399 0.403 0.410 0.419 0.424 0.428 0.430 0.438 0.444 0.444 0.448 0.453 0.453 0.451 0.451 0.452 0.454 0.454 0.454 0.454 0.455 0.455 0.454 0.452 0.450 0.444 0.439 0.439 0.438
0.448 0.448 0.448 0.448 0.448 0.448 0.448 0.448 0.448 0.448 0.449 0.455 0.447 0.435 0.432 0.432 0.423 0.402 0.399 0.412 0.420 0.422 0.424 0.426 0.427 0.425 0.419 0.416 0.413 0.410 0.409 0.407 0.406 0.404 0.404 0.408 0.408 0.409 0.405 0.390 0.378 0.375 0.374 0.375 0.376 0.378 0.384 0.386 0.391 0.403 0.411 0.419 0.425 0.427 0.435 0.442 0.444 0.446 0.447 0.447 0.447 0.449 0.448 0.450 0.452 0.453 0.454 0.455 0.455 0.453 0.451 0.448 0.445 0.445 0.443
0.448 0.448 0.448 0.448 0.448 0.448 0.448 0.448 0.448 0.448 0.448 0.450 0.454 0.442 0.434 0.433 0.429 0.414 0.414 0.421 0.424 0.426 0.429 0.432 0.433 0.430 0.426 0.421 0.417 0.414 0.411 0.408 0.406 0.404 0.402 0.404 0.407 0.409 0.389 0.377 0.374 0.369 0.367 0.368 0.368 0.369 0.369 0.366 0.371 0.384 0.391 0.402 0.415 0.421 0.425 0.433 0.440 0.443 0.444 0.444 0.446 0.446 0.445 0.445 0.445 0.448 0.453 0.455 0.455 0.455 0.453 0.450 0.448 0.448 0.449
0.448 0.448 0.448 0.448 0.448 0.448 0.448 0.448 0.448 0.448 0.448 0.448 0.451 0.456 0.445 0.436 0.437 0.432 0.429 0.430 0.432 0.434 0.437 0.438 0.438 0.435 0.436 0.433 0.430 0.425 0.421 0.414 0.407 0.403 0.401 0.400 0.400 0.398 0.380 0.373 0.369 0.362 0.361 0.361 0.361 0.361 0.359 0.356 0.361 0.373 0.379 0.383 0.393 0.403 0.412 0.418 0.426 0.436 0.445 0.445 0.443 0.442 0.441 0.442 0.441 0.445 0.451 0.454 0.454 0.454 0.454 0.452 0.450 0.448 0.447
0.448 0.448 0.448 0.448 0.448 0.448 0.448 0.448 0.448 0.448 0.448 0.448 0.448 0.453 0.456 0.448 0.442 0.443 0.442 0.440 0.441 0.444 0.445 0.445 0.444 0.445 0.445 0.443 0.439 0.435 0.429 0.424 0.418 0.408 0.401 0.396 0.393 0.385 0.375 0.371 0.362 0.356 0.354 0.354 0.354 0.355 0.352 0.349 0.356 0.372 0.378 0.380 0.383 0.388 0.395 0.405 0.411 0.420 0.437 0.440 0.436 0.438 0.438 0.439 0.438 0.440 0.447 0.451 0.452 0.453 0.452 0.451 0.451 0.449 0.448
0.448 0.448 0.448 0.448 0.448 0.448 0.448 0.448 0.448 0.448 0.448 0.448 0.448 0.448 0.453 0.456 0.454 0.450 0.449 0.451 0.451 0.453 0.451 0.450 0.451 0.452 0.450 0.447 0.443 0.440 0.435 0.430 0.424 0.419 0.409 0.397 0.389 0.384 0.375 0.367 0.358 0.352 0.350 0.349 0.350 0.350 0.349 0.349 0.356 0.372 0.378 0.380 0.380 0.382 0.385 0.394 0.401 0.406 0.419 0.430 0.434 0.433 0.433 0.435 0.432 0.432 0.440 0.446 0.448 0.449 0.450 0.450 0.448 0.448 0.449
0.448 0.448 0.448 0.448 0.448 0.448 0.448 0.448 0.448 0.448 0.448 0.448 0.448 0.448 0.448 0.454 0.456 0.456 0.455 0.453 0.455 0.455 0.454 0.454 0.455 0.455 0.453 0.445 0.442 0.440 0.438 0.435 0.430 0.424 0.415 0.402 0.389 0.382 0.378 0.367 0.357 0.352 0.349 0.349 0.349 0.349 0.349 0.349 0.358 0.369 0.376 0.377 0.379 0.380 0.382 0.385 0.393 0.399 0.407 0.414 0.425 0.429 0.429 0.428 0.427 0.426 0.428 0.439 0.443 0.443 0.445 0.445 0.442 0.444 0.446
0.448 0.448 0.448 0.448 0.448 0.448 0.448 0.448 0.448 0.448 0.448 0.448 0.448 0.448 0.448 0.448 0.452 0.456 0.456 0.456 0.456 0.456 0.456 0.456 0.456 0.456 0.454 0.445 0.443 0.440 0.437 0.436 0.434 0.427 0.419 0.408 0.392 0.379 0.376 0.370 0.361 0.352 0.349 0.349 0.349 0.349 0.349 0.349 0.359 0.371 0.376 0.376 0.378 0.379 0.380 0.383 0.385 0.389 0.394 0.402 0.408 0.419 0.425 0.425 0.424 0.423 0.424 0.426 0.433 0.437 0.438 0.439 0.440 0.441 0.443
0.448 0.448 0.448 0.448 0.448 0.448 0.448 0.448 0.448 0.448 0.448 0.448 0.448 0.448 0.448 0.448 0.448 0.448 0.449 0.455 0.456 0.456 0.456 0.456 0.456 0.456 0.455 0.446 0.443 0.441 0.437 0.435 0.436 0.430 0.421 0.410 0.397 0.380 0.372 0.368 0.364 0.355 0.349 0.349 0.349 0.349 0.349 0.349 0.361 0.374 0.375 0.376 0.377 0.378 0.379 0.380 0.381 0.383 0.384 0.386 0.393 0.398 0.413 0.423 0.422 0.422 0.423 0.423 0.423 0.426 0.427 0.432 0.434 0.438 0.439
0.448 0.448 0.448 0.448 0.448 0.448 0.448 0.448 0.448 0.448 0.448 0.448 0.448 0.448 0.448 0.448 0.448 0.448 0.451 0.456 0.456 0.456 0.456 0.456 0.456 0.456 0.456 0.447 0.444 0.442 0.439 0.436 0.437 0.432 0.422 0.411 0.398 0.384 0.373 0.367 0.361 0.358 0.351 0.349 0.349 0.349 0.349 0.349 0.367 0.373 0.375 0.375 0.376 0.375 0.375 0.375 0.376 0.377 0.376 0.377 0.377 0.388 0.400 0.412 0.420 0.421 0.420 0.420 0.419 0.419 0.420 0.420 0.427 0.432 0.433
0.448 0.448 0.448 0.448 0.448 0.448 0.448 0.448 0.448 0.448 0.448 0.448 0.448 0.448 0.448 0.448 0.448 0.448 0.454 0.456 0.456 0.456 0.456 0.456 0.456 0.456 0.456 0.453 0.449 0.443 0.440 0.439 0.437 0.432 0.421 0.411 0.398 0.385 0.374 0.366 0.359 0.355 0.352 0.349 0.349 0.349 0.349 0.350 0.367 0.371 0.374 0.373 0.367 0.368 0.369 0.368 0.368 0.370 0.367 0.368 0.369 0.375 0.386 0.398 0.413 0.415 0.417 0.417 0.416 0.412 0.414 0.414 0.419 0.426 0.427
0.448 0.448 0.448 0.448 0.448 0.448 0.448 0.448 0.448 0.448 0.448 0.448 0.448 0.448 0.448 0.448 0.448 0.448 0.449 0.456 0.456 0.456 0.456 0.456 0.456 0.456 0.456 0.455 0.454 0.444 0.439 0.439 0.438 0.429 0.419 0.410 0.398 0.384 0.374 0.362 0.356 0.351 0.349 0.349 0.349 0.349 0.349 0.355 0.361 0.363 0.363 0.363 0.360 0.361 0.362 0.359 0.360 0.362 0.357 0.358 0.361 0.365 0.377 0.387 0.390 0.401 0.408 0.413 0.411 0.407 0.407 0.412 0.418 0.421 0.422
0.448 0.448 0.448 0.448 0.448 0.448 0.448 0.448 0.448 0.448 0.448 0.448 0.448 0.448 0.448 0.448 0.448 0.448 0.448 0.453 0.456 0.456 0.456 0.456 0.456 0.456 0.456 0.456 0.452 0.443 0.439 0.438 0.436 0.424 0.417 0.408 0.396 0.383 0.372 0.363 0.351 0.349 0.349 0.349 0.349 0.349 0.349 0.349 0.349 0.349 0.349 0.349 0.350 0.353 0.355 0.351 0.353 0.355 0.351 0.351 0.354 0.358 0.363 0.371 0.379 0.385 0.395 0.406 0.407 0.405 0.404 0.404 0.407 0.411 0.415
0.448 0.448 0.448 0.448 0.448 0.448 0.448 0.448 0.448 0.448 0.448 0.448 0.448 0.448 0.448 0.448 0.448 0.448 0.448 0.448 0.456 0.456 0.456 0.456 0.456 0.456 0.456 0.456 0.453 0.444 0.439 0.437 0.429 0.420 0.415 0.406 0.393 0.381 0.371 0.360 0.351 0.349 0.349 0.349 0.349 0.349 0.349 0.349 0.349 0.349 0.349 0.349 0.349 0.349 0.349 0.349 0.349 0.351 0.349 0.349 0.349 0.352 0.355 0.361 0.372 0.379 0.385 0.398 0.406 0.404 0.401 0.400 0.397 0.402 0.406
0.448 0.448 0.448 0.448 0.448 0.448 0.448 0.448 0.448 0.448 0.448 0.448 0.448 0.448 0.448 0.448 0.448 0.448 0.448 0.448 0.454 0.456 0.456 0.456 0.456 0.456 0.456 0.456 0.455 0.446 0.440 0.436 0.426 0.417 0.411 0.400 0.388 0.377 0.367 0.356 0.349 0.349 0.349 0.349 0.349 0.349 0.349 0.349 0.349 0.349 0.349 0.349 0.349 0.349 0.349 0.349 0.349 0.349 0.349 0.349 0.349 0.349 0.349 0.350 0.361 0.373 0.376 0.379 0.395 0.400 0.395 0.395 0.394 0.396 0.399
0.448 0.448 0.448 0.448 0.448 0.448 0.448 0.448 0.448 0.448 0.448 0.448 0.448 0.448 0.448 0.448 0.448 0.448 0.448 0.448 0.450 0.456 0.456 0.456 0.456 0.456 0.456 0.456 0.454 0.445 0.439 0.435 0.424 0.415 0.403 0.391 0.381 0.373 0.363 0.353 0.349 0.349 0.349 0.349 0.349 0.349 0.349 0.349 0.349 0.349 0.349 0.349 0.349 0.349 0.349 0.349 0.349 0.349 0.349 0.349 0.349 0.349 0.349 0.349 0.349 0.355 0.363 0.370 0.379 0.388 0.387 0.388 0.389 0.390 0.390
0.448 0.448 0.448 0.448 0.448 0.448 0.448 0.448 0.448 0.448 0.448 0.448 0.448 0.448 0.448 0.448 0.448 0.448 0.448 0.448 0.453 0.456 0.456 0.456 0.456 0.456 0.456 0.456 0.453 0.443 0.438 0.435 0.421 0.410 0.400 0.387 0.379 0.370 0.360 0.351 0.349 0.349 0.349 0.349 0.349 0.349 0.349 0.349 0.349 0.349 0.349 0.349 0.349 0.349 0.349 0.349 0.349 0.349 0.349 0.349 0.349 0.349 0.349 0.349 0.349 0.349 0.352 0.362 0.371 0.379 0.385 0.387 0.387 0.386 0.386
0.448 0.448 0.448 0.448 0.448 0.448 0.448 0.448 0.448 0.448 0.448 0.448 0.448 0.448 0.448 0.448 0.448 0.448 0.448 0.448 0.454 0.456 0.456 0.456 0.456 0.456 0.456 0.456 0.452 0.441 0.436 0.432 0.420 0.407 0.395 0.385 0.377 0.367 0.359 0.350 0.349 0.349 0.349 0.349 0.349 0.349 0.349 0.349 0.349 0.349 0.349 0.349 0.349 0.349 0.349 0.349 0.349 0.349 0.349 0.349 0.349 0.349 0.349 0.349 0.349 0.349 0.349 0.357 0.369 0.376 0.382 0.383 0.384 0.384 0.384
0.448 0.448 0.448 0.448 0.448 0.448 0.448 0.448 0.448 0.448 0.448 0.448 0.448 0.448 0.448 0.448 0.448 0.448 0.448 0.448 0.448 0.456 0.456 0.456 0.456 0.456 0.456 0.456 0.451 0.439 0.434 0.430 0.418 0.404 0.391 0.382 0.376 0.369 0.361 0.350 0.349 0.349 0.349 0.349 0.349 0.349 0.349 0.349 0.349 0.349 0.349 0.349 0.349 0.349 0.349 0.349 0.349 0.349 0.349 0.349 0.349 0.349 0.349 0.349 0.349 0.349 0.349 0.350 0.359 0.370 0.377 0.381 0.383 0.383 0.382
0.448 0.448 0.448 0.448 0.448 0.448 0.448 0.448 0.448 0.448 0.448 0.448 0.448 0.448 0.448 0.448 0.448 0.448 0.448 0.448 0.449 0.456 0.456 0.456 0.456 0.456 0.456 0.455 0.449 0.437 0.433 0.427 0.414 0.403 0.391 0.380 0.373 0.367 0.361 0.353 0.349 0.349 0.349 0.349 0.349 0.349 0.349 0.349 0.349 0.349 0.349 0.349 0.349 0.349 0.349 0.349 0.349 0.349 0.349 0.349 0.349 0.349 0.349 0.349 0.349 0.349 0.349 0.349 0.356 0.363 0.373 0.380 0.382 0.383 0.382
0.448 0.448 0.448 0.448 0.448 0.448 0.448 0.448 0.448 0.448 0.448 0.448 0.448 0.448 0.448 0.448 0.448 0.448 0.448 0.448 0.448 0.451 0.456 0.456 0.456 0.456 0.456 0.454 0.447 0.435 0.432 0.420 0.407 0.402 0.390 0.381 0.372 0.366 0.360 0.356 0.349 0.349 0.349 0.349 0.349 0.349 0.349 0.349 0.349 0.349 0.349 0.349 0.349 0.349 0.349 0.349 0.349 0.349 0.349 0.349 0.349 0.349 0.349 0.349 0.349 0.349 0.349 0.353 0.358 0.366 0.372 0.378 0.381 0.382 0.382
0.448 0.448 0.448 0.448 0.448 0.448 0.448 0.448 0.448 0.448 0.448 0.448 0.448 0.448 0.448 0.448 0.448 0.448 0.448 0.448 0.448 0.448 0.451 0.456 0.456 0.454 0.454 0.452 0.447 0.434 0.431 0.418 0.408 0.401 0.392 0.383 0.374 0.368 0.359 0.357 0.353 0.349 0.349 0.349 0.349 0.349 0.349 0.349 0.349 0.349 0.349 0.349 0.349 0.349 0.349 0.349 0.349 0.349 0.349 0.349 0.349 0.349 0.349 0.349 0.349 0.349 0.349 0.354 0.363 0.371 0.375 0.378 0.381 0.382 0.382
0.448 0.448 0.448 0.448 0.448 0.448 0.448 0.448 0.448 0.448 0.448 0.448 0.448 0.448 0.448 0.448 0.448 0.448 0.448 0.448 0.448 0.448 0.448 0.451 0.456 0.454 0.450 0.448 0.446 0.435 0.430 0.418 0.408 0.403 0.400 0.390 0.385 0.375 0.360 0.357 0.353 0.349 0.349 0.349 0.349 0.349 0.349 0.349 0.349 0.349 0.349 0.349 0.349 0.349 0.349 0.349 0.349 0.349 0.349 0.349 0.349 0.349 0.349 0.349 0.349 0.349 0.350 0.358 0.368 0.375 0.380 0.383 0.383 0.382 0.381
0.448 0.448 0.448 0.448 0.448 0.448 0.448 0.448 0.448 0.448 0.448 0.448 0.448 0.448 0.448 0.448 0.448 0.448 0.448 0.448 0.448 0.448 0.448 0.448 0.451 0.456 0.448 0.443 0.440 0.434 0.429 0.416 0.406 0.402 0.396 0.390 0.388 0.380 0.363 0.357 0.352 0.349 0.349 0.349 0.349 0.349 0.349 0.349 0.349 0.349 0.349 0.349 0.349 0.349 0.349 0.349 0.349 0.349 0.349 0.349 0.349 0.349 0.349 0.349 0.349 0.349 0.356 0.363 0.373 0.380 0.384 0.387 0.389 0.386 0.381
0.448 0.448 0.448 0.448 0.448 0.448 0.448 0.448 0.448 0.448 0.448 0.448 0.448 0.448 0.448 0.448 0.448 0.448 0.448 0.448 0.448 0.448 0.448 0.448 0.448 0.454 0.453 0.440 0.435 0.430 0.427 0.416 0.405 0.402 0.396 0.389 0.389 0.387 0.367 0.356 0.350 0.349 0.349 0.349 0.349 0.349 0.349 0.349 0.349 0.349 0.349 0.349 0.349 0.349 0.349 0.349 0.349 0.349 0.349 0.349 0.349 0.349 0.349 0.349 0.349 0.351 0.361 0.370 0.380 0.385 0.388 0.390 0.391 0.390 0.384
0.448 0.448 0.448 0.448 0.448 0.448 0.448 0.448 0.448 0.448 0.448 0.448 0.448 0.448 0.448 0.448 0.448 0.448 0.448 0.448 0.448 0.448 0.448 0.448 0.448 0.449 0.456 0.447 0.433 0.427 0.425 0.415 0.397 0.398 0.397 0.391 0.390 0.388 0.366 0.352 0.349 0.349 0.349 0.349 0.349 0.349 0.349 0.349 0.349 0.349 0.349 0.349 0.349 0.349 0.349 0.349 0.349 0.349 0.349 0.349 0.349 0.349 0.349 0.349 0.349 0.356 0.365 0.376 0.387 0.391 0.393 0.393 0.393 0.392 0.388
0.454 0.448 0.448 0.448 0.448 0.448 0.448 0.448 0.448 0.448 0.448 0.448 0.448 0.448 0.448 0.448 0.448 0.448 0.448 0.448 0.448 0.448 0.448 0.448 0.448 0.448 0.453 0.454 0.439 0.425 0.421 0.418 0.405 0.394 0.398 0.393 0.380 0.365 0.355 0.350 0.349 0.349 0.349 0.349 0.349 0.349 0.349 0.349 0.349 0.349 0.349 0.349 0.349 0.349 0.349 0.349 0.349 0.349 0.349 0.349 0.349 0.349 0.349 0.349 0.349 0.359 0.369 0.381 0.401 0.405 0.403 0.399 0.398 0.398 0.394
0.456 0.456 0.449 0.448 0.448 0.448 0.448 0.448 0.448 0.448 0.448 0.448 0.448 0.448 0.448 0.448 0.448 0.448 0.448 0.448 0.448 0.448 0.448 0.448 0.448 0.448 0.453 0.455 0.443 0.430 0.424 0.419 0.415 0.411 0.407 0.397 0.378 0.364 0.354 0.350 0.349 0.349 0.349 0.349 0.349 0.349 0.349 0.349 0.349 0.349 0.349 0.349 0.349 0.349 0.349 0.349 0.349 0.349 0.349 0.349 0.349 0.349 0.349 0.349 0.352 0.364 0.375 0.389 0.404 0.405 0.405 0.404 0.404 0.404 0.405
0.456 0.456 0.456 0.449 0.448 0.448 0.448 0.448 0.448 0.448 0.448 0.448 0.448 0.448 0.448 0.448 0.448 0.448 0.448 0.454 0.449 0.448 0.448 0.448 0.448 0.449 0.456 0.455 0.447 0.435 0.429 0.427 0.423 0.417 0.410 0.405 0.398 0.383 0.363 0.352 0.349 0.349 0.349 0.349 0.349 0.349 0.349 0.349 0.349 0.349 0.349 0.349 0.349 0.349 0.349 0.349 0.349 0.349 0.349 0.349 0.349 0.349 0.349 0.349 0.357 0.370 0.380 0.395 0.403 0.405 0.405 0.405 0.405 0.406 0.405
0.456 0.456 0.456 0.456 0.450 0.448 0.448 0.448 0.448 0.448 0.448 0.448 0.448 0.448 0.448 0.448 0.448 0.448 0.455 0.456 0.455 0.449 0.448 0.448 0.451 0.456 0.456 0.455 0.449 0.433 0.429 0.429 0.427 0.426 0.423 0.416 0.405 0.396 0.377 0.357 0.350 0.349 0.349 0.349 0.349 0.349 0.349 0.349 0.349 0.349 0.349 0.349 0.349 0.349 0.349 0.349 0.349 0.349 0.349 0.349 0.349 0.349 0.349 0.351 0.363 0.375 0.386 0.401 0.403 0.405 0.405 0.405 0.406 0.405 0.404
