COT Code/vwc/VWCL0006N0024.asc
ncols         676
nrows         635
xllcorner     24483.000000
yllcorner     28694.204819
cellsize      5.000000
NODATA_value  -9999.0
[rows 363 to 395 of 635, columns 150 to 224 of 676]
0.385 0.385 0.385 0.385 0.385 0.385 0.385 0.385 0.385 0.385 0.385 0.385 0.385 0.385 0.383 0.383 0.387 0.389 0.391 0.392 0.402 0.429 0.447 0.448 0.448 0.447 0.448 0.449 0.449 0.449 0.449 0.449 0.452 0.456 0.456 0.456 0.455 0.454 0.455 0.454 0.455 0.455 0.455 0.455 0.456 0.456 0.456 0.456 0.456 0.456 0.456 0.456 0.456 0.456 0.456 0.456 0.456 0.456 0.456 0.456 0.456 0.456 0.456 0.456 0.456 0.456 0.456 0.456 0.456 0.456 0.456 0.456 0.456 0.456 0.456
0.385 0.385 0.385 0.385 0.385 0.385 0.385 0.385 0.385 0.385 0.385 0.385 0.385 0.385 0.383 0.384 0.387 0.389 0.395 0.394 0.395 0.415 0.441 0.449 0.449 0.448 0.449 0.449 0.449 0.449 0.450 0.450 0.452 0.456 0.456 0.456 0.456 0.456 0.456 0.456 0.455 0.455 0.456 0.456 0.456 0.456 0.456 0.456 0.456 0.456 0.456 0.456 0.456 0.456 0.456 0.456 0.456 0.456 0.456 0.456 0.456 0.456 0.456 0.456 0.456 0.456 0.456 0.456 0.456 0.456 0.456 0.456 0.456 0.456 0.456
0.385 0.385 0.385 0.385 0.385 0.385 0.385 0.385 0.385 0.385 0.385 0.385 0.383 0.383 0.385 0.386 0.385 0.384 0.394 0.396 0.398 0.405 0.430 0.449 0.449 0.449 0.450 0.450 0.449 0.450 0.451 0.451 0.451 0.456 0.456 0.456 0.456 0.456 0.456 0.456 0.456 0.456 0.456 0.456 0.456 0.456 0.456 0.456 0.456 0.456 0.456 0.456 0.456 0.456 0.456 0.456 0.456 0.456 0.456 0.456 0.456 0.456 0.456 0.456 0.456 0.456 0.456 0.456 0.456 0.456 0.456 0.456 0.456 0.456 0.456
0.385 0.385 0.385 0.385 0.385 0.385 0.385 0.385 0.385 0.385 0.385 0.385 0.383 0.383 0.385 0.386 0.385 0.383 0.387 0.401 0.400 0.403 0.416 0.440 0.449 0.450 0.450 0.450 0.450 0.450 0.451 0.452 0.451 0.456 0.456 0.456 0.456 0.456 0.456 0.456 0.456 0.456 0.456 0.456 0.456 0.456 0.456 0.456 0.456 0.456 0.456 0.456 0.456 0.456 0.456 0.456 0.456 0.456 0.456 0.456 0.456 0.456 0.456 0.456 0.456 0.456 0.456 0.456 0.456 0.456 0.456 0.456 0.456 0.456 0.456
0.385 0.386 0.386 0.386 0.386 0.386 0.386 0.385 0.385 0.385 0.384 0.384 0.385 0.385 0.385 0.385 0.386 0.385 0.385 0.393 0.409 0.405 0.405 0.423 0.449 0.453 0.450 0.450 0.450 0.451 0.452 0.453 0.452 0.452 0.456 0.456 0.456 0.456 0.456 0.456 0.456 0.456 0.456 0.456 0.456 0.456 0.456 0.456 0.456 0.456 0.456 0.456 0.456 0.456 0.456 0.456 0.456 0.456 0.456 0.456 0.456 0.456 0.456 0.456 0.456 0.456 0.456 0.456 0.456 0.456 0.456 0.456 0.456 0.456 0.456
0.386 0.386 0.386 0.386 0.386 0.386 0.386 0.386 0.386 0.386 0.384 0.384 0.385 0.385 0.385 0.385 0.385 0.385 0.385 0.385 0.402 0.407 0.406 0.410 0.434 0.454 0.451 0.451 0.451 0.451 0.452 0.453 0.453 0.453 0.453 0.455 0.456 0.456 0.456 0.456 0.456 0.456 0.456 0.456 0.456 0.456 0.456 0.456 0.456 0.456 0.456 0.456 0.456 0.456 0.456 0.456 0.456 0.456 0.456 0.456 0.456 0.456 0.456 0.456 0.456 0.456 0.456 0.456 0.456 0.456 0.456 0.456 0.456 0.456 0.456
0.386 0.387 0.387 0.387 0.387 0.387 0.387 0.387 0.387 0.386 0.386 0.386 0.386 0.386 0.386 0.386 0.386 0.386 0.386 0.384 0.383 0.406 0.410 0.412 0.417 0.443 0.455 0.451 0.451 0.452 0.453 0.453 0.453 0.454 0.454 0.454 0.454 0.456 0.456 0.456 0.456 0.456 0.456 0.456 0.456 0.456 0.456 0.456 0.456 0.456 0.456 0.456 0.456 0.456 0.456 0.456 0.456 0.456 0.456 0.456 0.456 0.456 0.456 0.456 0.456 0.456 0.456 0.456 0.456 0.456 0.456 0.456 0.456 0.456 0.456
0.390 0.387 0.387 0.387 0.387 0.387 0.387 0.387 0.386 0.387 0.386 0.386 0.386 0.386 0.386 0.386 0.386 0.386 0.385 0.385 0.383 0.387 0.412 0.414 0.415 0.423 0.445 0.455 0.453 0.453 0.453 0.454 0.454 0.453 0.454 0.454 0.454 0.455 0.456 0.456 0.456 0.456 0.456 0.456 0.456 0.456 0.456 0.456 0.456 0.456 0.456 0.456 0.456 0.456 0.456 0.456 0.456 0.456 0.456 0.456 0.456 0.456 0.456 0.456 0.456 0.456 0.456 0.456 0.456 0.456 0.456 0.456 0.456 0.456 0.456
0.397 0.386 0.386 0.387 0.385 0.385 0.385 0.385 0.385 0.385 0.385 0.385 0.385 0.385 0.385 0.385 0.385 0.385 0.383 0.383 0.383 0.383 0.390 0.416 0.419 0.421 0.425 0.442 0.455 0.455 0.453 0.453 0.453 0.454 0.454 0.454 0.454 0.455 0.456 0.456 0.456 0.456 0.456 0.456 0.456 0.456 0.456 0.456 0.456 0.456 0.456 0.456 0.456 0.456 0.456 0.456 0.456 0.456 0.456 0.456 0.456 0.456 0.456 0.456 0.456 0.456 0.456 0.456 0.456 0.456 0.456 0.456 0.456 0.456 0.456
0.407 0.387 0.385 0.387 0.386 0.385 0.385 0.385 0.385 0.385 0.385 0.385 0.385 0.385 0.385 0.385 0.385 0.386 0.383 0.383 0.383 0.383 0.384 0.402 0.424 0.423 0.426 0.428 0.436 0.452 0.456 0.454 0.453 0.454 0.454 0.453 0.453 0.455 0.456 0.456 0.456 0.456 0.456 0.456 0.456 0.456 0.456 0.456 0.456 0.456 0.456 0.456 0.456 0.456 0.456 0.456 0.456 0.456 0.456 0.456 0.456 0.456 0.456 0.456 0.456 0.456 0.456 0.456 0.456 0.456 0.456 0.456 0.456 0.456 0.456
0.413 0.391 0.386 0.387 0.387 0.386 0.387 0.387 0.386 0.386 0.386 0.386 0.386 0.386 0.386 0.386 0.386 0.386 0.384 0.384 0.384 0.384 0.384 0.385 0.399 0.423 0.430 0.431 0.433 0.437 0.447 0.456 0.456 0.454 0.454 0.454 0.455 0.456 0.456 0.456 0.456 0.456 0.456 0.456 0.456 0.456 0.456 0.456 0.456 0.456 0.456 0.456 0.456 0.456 0.456 0.456 0.456 0.456 0.456 0.456 0.456 0.456 0.456 0.456 0.456 0.456 0.456 0.456 0.456 0.456 0.456 0.456 0.456 0.456 0.456
0.416 0.395 0.389 0.389 0.388 0.387 0.386 0.386 0.385 0.385 0.386 0.386 0.386 0.386 0.386 0.386 0.386 0.386 0.385 0.384 0.383 0.383 0.383 0.383 0.387 0.392 0.416 0.433 0.436 0.437 0.439 0.444 0.454 0.456 0.456 0.455 0.456 0.456 0.456 0.456 0.456 0.456 0.456 0.456 0.456 0.456 0.456 0.456 0.456 0.456 0.456 0.456 0.456 0.456 0.456 0.456 0.456 0.456 0.456 0.456 0.456 0.456 0.456 0.456 0.456 0.456 0.456 0.456 0.456 0.456 0.456 0.456 0.456 0.456 0.456
0.419 0.414 0.405 0.390 0.386 0.386 0.386 0.384 0.384 0.384 0.385 0.385 0.384 0.385 0.386 0.387 0.386 0.386 0.385 0.384 0.383 0.383 0.383 0.382 0.383 0.385 0.387 0.402 0.433 0.441 0.441 0.443 0.445 0.451 0.456 0.456 0.456 0.456 0.456 0.456 0.456 0.456 0.456 0.456 0.456 0.456 0.456 0.456 0.456 0.456 0.456 0.456 0.456 0.456 0.456 0.456 0.456 0.456 0.456 0.456 0.456 0.456 0.456 0.456 0.456 0.456 0.456 0.456 0.456 0.456 0.456 0.456 0.456 0.456 0.456
0.436 0.433 0.415 0.403 0.397 0.391 0.388 0.387 0.385 0.385 0.385 0.386 0.386 0.386 0.387 0.387 0.387 0.387 0.386 0.385 0.383 0.383 0.383 0.382 0.383 0.385 0.385 0.385 0.403 0.419 0.445 0.447 0.447 0.448 0.450 0.455 0.456 0.456 0.456 0.456 0.456 0.456 0.456 0.456 0.456 0.456 0.456 0.456 0.454 0.456 0.456 0.456 0.456 0.456 0.456 0.456 0.456 0.456 0.456 0.456 0.456 0.456 0.456 0.456 0.456 0.456 0.456 0.456 0.456 0.456 0.456 0.456 0.456 0.456 0.456
0.456 0.444 0.435 0.431 0.424 0.417 0.407 0.397 0.390 0.388 0.386 0.386 0.386 0.386 0.386 0.386 0.386 0.386 0.386 0.385 0.383 0.383 0.383 0.383 0.384 0.386 0.385 0.383 0.384 0.400 0.416 0.434 0.450 0.450 0.452 0.453 0.454 0.456 0.456 0.456 0.456 0.456 0.456 0.456 0.456 0.456 0.455 0.444 0.439 0.440 0.443 0.446 0.448 0.453 0.455 0.456 0.456 0.456 0.456 0.456 0.456 0.456 0.456 0.456 0.456 0.456 0.456 0.456 0.456 0.456 0.456 0.456 0.456 0.456 0.456
0.456 0.456 0.456 0.454 0.448 0.441 0.432 0.418 0.403 0.392 0.387 0.386 0.387 0.387 0.386 0.387 0.387 0.386 0.387 0.385 0.383 0.383 0.383 0.383 0.385 0.385 0.383 0.384 0.384 0.384 0.395 0.414 0.440 0.451 0.453 0.454 0.455 0.456 0.456 0.456 0.456 0.456 0.456 0.456 0.456 0.456 0.449 0.438 0.436 0.437 0.437 0.437 0.437 0.439 0.442 0.446 0.447 0.451 0.455 0.456 0.456 0.456 0.456 0.456 0.456 0.456 0.456 0.456 0.456 0.456 0.456 0.456 0.456 0.456 0.456
0.456 0.456 0.456 0.456 0.456 0.456 0.453 0.440 0.424 0.405 0.393 0.389 0.388 0.388 0.387 0.388 0.387 0.387 0.387 0.386 0.383 0.383 0.383 0.383 0.386 0.383 0.382 0.384 0.383 0.383 0.398 0.416 0.432 0.443 0.452 0.456 0.456 0.456 0.456 0.456 0.456 0.456 0.456 0.456 0.456 0.456 0.445 0.438 0.439 0.438 0.437 0.437 0.437 0.438 0.438 0.440 0.440 0.440 0.441 0.441 0.440 0.441 0.441 0.442 0.444 0.446 0.447 0.448 0.450 0.448 0.450 0.451 0.448 0.449 0.450
0.456 0.456 0.456 0.456 0.456 0.456 0.456 0.456 0.445 0.428 0.411 0.396 0.390 0.389 0.389 0.389 0.389 0.389 0.389 0.388 0.388 0.387 0.386 0.386 0.386 0.385 0.385 0.385 0.384 0.388 0.406 0.424 0.437 0.447 0.455 0.456 0.456 0.456 0.456 0.456 0.456 0.456 0.456 0.456 0.456 0.455 0.441 0.439 0.439 0.438 0.438 0.437 0.437 0.437 0.437 0.438 0.439 0.440 0.440 0.439 0.439 0.439 0.438 0.437 0.437 0.437 0.437 0.435 0.435 0.435 0.433 0.433 0.427 0.428 0.429
0.456 0.456 0.456 0.456 0.456 0.456 0.456 0.456 0.456 0.448 0.434 0.415 0.396 0.389 0.387 0.386 0.385 0.385 0.387 0.386 0.385 0.385 0.384 0.384 0.383 0.383 0.383 0.384 0.386 0.400 0.420 0.436 0.447 0.454 0.456 0.456 0.456 0.456 0.456 0.456 0.456 0.456 0.456 0.456 0.456 0.453 0.440 0.438 0.439 0.439 0.438 0.438 0.438 0.438 0.437 0.438 0.438 0.440 0.440 0.439 0.439 0.439 0.438 0.438 0.438 0.439 0.438 0.436 0.436 0.435 0.434 0.432 0.425 0.425 0.425
0.456 0.456 0.456 0.456 0.456 0.456 0.456 0.456 0.456 0.456 0.450 0.432 0.410 0.394 0.389 0.384 0.383 0.383 0.385 0.384 0.383 0.383 0.383 0.383 0.383 0.382 0.382 0.384 0.386 0.396 0.419 0.442 0.455 0.456 0.456 0.456 0.456 0.456 0.456 0.456 0.456 0.456 0.456 0.456 0.456 0.449 0.440 0.439 0.440 0.439 0.439 0.441 0.441 0.441 0.440 0.439 0.439 0.441 0.440 0.440 0.440 0.439 0.438 0.437 0.438 0.440 0.439 0.437 0.436 0.436 0.435 0.431 0.426 0.426 0.426
0.456 0.456 0.456 0.456 0.456 0.456 0.456 0.456 0.456 0.456 0.456 0.446 0.426 0.403 0.392 0.386 0.384 0.384 0.385 0.384 0.383 0.383 0.383 0.382 0.382 0.382 0.384 0.387 0.388 0.403 0.425 0.446 0.456 0.456 0.456 0.456 0.456 0.456 0.456 0.456 0.456 0.456 0.456 0.456 0.456 0.447 0.442 0.441 0.440 0.440 0.441 0.441 0.442 0.442 0.441 0.441 0.442 0.444 0.444 0.443 0.442 0.441 0.440 0.439 0.439 0.440 0.439 0.438 0.436 0.436 0.436 0.430 0.427 0.427 0.427
0.456 0.456 0.456 0.456 0.456 0.456 0.456 0.456 0.456 0.456 0.456 0.456 0.437 0.412 0.394 0.391 0.385 0.384 0.384 0.385 0.383 0.383 0.383 0.382 0.382 0.382 0.384 0.389 0.390 0.408 0.430 0.451 0.456 0.456 0.456 0.456 0.456 0.456 0.456 0.456 0.456 0.456 0.456 0.456 0.456 0.446 0.442 0.442 0.441 0.442 0.442 0.442 0.442 0.442 0.442 0.442 0.442 0.444 0.444 0.444 0.444 0.444 0.443 0.443 0.443 0.442 0.440 0.439 0.438 0.437 0.437 0.430 0.429 0.429 0.428
0.456 0.456 0.456 0.456 0.456 0.456 0.456 0.456 0.456 0.456 0.456 0.456 0.446 0.424 0.400 0.396 0.388 0.383 0.383 0.383 0.383 0.383 0.383 0.382 0.382 0.382 0.385 0.390 0.391 0.413 0.437 0.455 0.456 0.456 0.456 0.456 0.456 0.456 0.456 0.456 0.456 0.456 0.456 0.456 0.456 0.444 0.443 0.444 0.444 0.443 0.443 0.443 0.443 0.443 0.443 0.443 0.443 0.445 0.445 0.445 0.445 0.444 0.443 0.443 0.444 0.444 0.442 0.441 0.441 0.441 0.439 0.432 0.431 0.431 0.431
0.456 0.456 0.456 0.456 0.456 0.456 0.456 0.456 0.456 0.456 0.456 0.456 0.455 0.435 0.412 0.398 0.394 0.385 0.383 0.385 0.383 0.383 0.383 0.382 0.382 0.382 0.387 0.391 0.395 0.419 0.442 0.456 0.456 0.456 0.456 0.456 0.456 0.456 0.456 0.456 0.456 0.456 0.456 0.456 0.456 0.444 0.444 0.445 0.444 0.444 0.444 0.443 0.444 0.444 0.443 0.443 0.444 0.446 0.446 0.446 0.446 0.446 0.445 0.445 0.446 0.444 0.442 0.442 0.441 0.441 0.439 0.433 0.432 0.432 0.432
0.456 0.456 0.456 0.456 0.456 0.456 0.456 0.456 0.456 0.456 0.456 0.456 0.456 0.446 0.423 0.402 0.397 0.393 0.390 0.389 0.389 0.386 0.383 0.383 0.383 0.383 0.388 0.390 0.401 0.426 0.446 0.456 0.456 0.456 0.456 0.456 0.456 0.456 0.456 0.456 0.456 0.456 0.456 0.456 0.456 0.446 0.446 0.446 0.445 0.445 0.444 0.443 0.444 0.444 0.444 0.444 0.445 0.446 0.446 0.446 0.446 0.445 0.445 0.445 0.447 0.446 0.442 0.443 0.443 0.443 0.439 0.434 0.433 0.433 0.433
0.456 0.456 0.456 0.456 0.456 0.456 0.456 0.456 0.456 0.456 0.456 0.456 0.456 0.455 0.435 0.412 0.400 0.399 0.398 0.398 0.398 0.396 0.393 0.390 0.387 0.387 0.391 0.390 0.408 0.431 0.450 0.456 0.456 0.456 0.456 0.456 0.456 0.456 0.456 0.456 0.456 0.456 0.456 0.456 0.456 0.456 0.455 0.453 0.450 0.447 0.447 0.446 0.445 0.445 0.445 0.444 0.446 0.446 0.447 0.447 0.447 0.446 0.446 0.445 0.449 0.447 0.441 0.443 0.443 0.442 0.437 0.435 0.435 0.435 0.435
0.456 0.456 0.456 0.456 0.456 0.456 0.456 0.456 0.456 0.456 0.456 0.456 0.456 0.456 0.447 0.427 0.414 0.408 0.405 0.403 0.408 0.402 0.397 0.397 0.396 0.394 0.392 0.394 0.413 0.436 0.453 0.456 0.456 0.456 0.456 0.456 0.456 0.456 0.456 0.456 0.456 0.456 0.456 0.456 0.456 0.456 0.456 0.456 0.456 0.456 0.456 0.456 0.452 0.450 0.447 0.447 0.447 0.449 0.448 0.447 0.447 0.447 0.447 0.447 0.451 0.448 0.442 0.442 0.442 0.441 0.434 0.433 0.433 0.434 0.434
0.456 0.456 0.456 0.456 0.456 0.456 0.456 0.456 0.456 0.456 0.456 0.456 0.456 0.456 0.456 0.444 0.434 0.431 0.426 0.424 0.434 0.422 0.414 0.410 0.407 0.405 0.403 0.404 0.419 0.440 0.456 0.456 0.456 0.456 0.456 0.456 0.456 0.456 0.456 0.456 0.456 0.456 0.456 0.456 0.456 0.456 0.456 0.456 0.456 0.456 0.456 0.456 0.456 0.456 0.456 0.456 0.456 0.454 0.452 0.452 0.448 0.446 0.447 0.449 0.454 0.448 0.443 0.443 0.442 0.441 0.433 0.432 0.433 0.434 0.434
0.456 0.456 0.456 0.456 0.456 0.456 0.456 0.456 0.456 0.456 0.456 0.456 0.456 0.456 0.456 0.456 0.453 0.451 0.450 0.448 0.454 0.444 0.439 0.437 0.435 0.432 0.428 0.425 0.427 0.444 0.456 0.456 0.456 0.456 0.456 0.456 0.456 0.456 0.456 0.456 0.456 0.456 0.456 0.456 0.456 0.456 0.456 0.456 0.456 0.456 0.456 0.456 0.456 0.456 0.456 0.456 0.456 0.456 0.456 0.456 0.456 0.456 0.453 0.453 0.455 0.448 0.445 0.444 0.444 0.441 0.435 0.435 0.434 0.434 0.434
0.456 0.456 0.456 0.456 0.456 0.456 0.456 0.456 0.456 0.456 0.456 0.456 0.456 0.456 0.456 0.456 0.456 0.456 0.456 0.456 0.456 0.456 0.456 0.455 0.455 0.453 0.450 0.449 0.446 0.450 0.456 0.456 0.456 0.456 0.456 0.456 0.456 0.456 0.456 0.456 0.456 0.456 0.456 0.456 0.456 0.456 0.456 0.456 0.456 0.456 0.456 0.456 0.456 0.456 0.456 0.456 0.456 0.456 0.456 0.456 0.456 0.456 0.456 0.456 0.456 0.453 0.451 0.448 0.446 0.440 0.433 0.434 0.434 0.435 0.435
0.456 0.456 0.456 0.456 0.456 0.456 0.456 0.456 0.456 0.456 0.456 0.456 0.456 0.456 0.456 0.456 0.456 0.456 0.456 0.456 0.456 0.456 0.456 0.456 0.456 0.456 0.456 0.456 0.456 0.456 0.456 0.456 0.456 0.456 0.456 0.456 0.456 0.456 0.456 0.456 0.456 0.456 0.456 0.456 0.456 0.456 0.456 0.456 0.456 0.456 0.456 0.456 0.456 0.456 0.456 0.456 0.456 0.456 0.456 0.456 0.456 0.456 0.456 0.456 0.456 0.456 0.455 0.454 0.452 0.447 0.442 0.439 0.436 0.434 0.433
0.456 0.456 0.456 0.456 0.456 0.456 0.456 0.456 0.456 0.456 0.456 0.456 0.456 0.456 0.456 0.456 0.456 0.456 0.456 0.456 0.456 0.456 0.456 0.456 0.456 0.456 0.456 0.456 0.456 0.456 0.456 0.456 0.456 0.456 0.456 0.456 0.456 0.456 0.456 0.456 0.456 0.456 0.456 0.456 0.456 0.456 0.456 0.456 0.456 0.456 0.456 0.456 0.456 0.456 0.456 0.456 0.456 0.456 0.456 0.456 0.456 0.456 0.456 0.456 0.456 0.456 0.455 0.455 0.454 0.447 0.445 0.444 0.441 0.440 0.437
0.456 0.456 0.456 0.456 0.456 0.456 0.456 0.456 0.456 0.456 0.456 0.456 0.456 0.456 0.456 0.456 0.456 0.456 0.456 0.456 0.456 0.456 0.456 0.456 0.456 0.456 0.456 0.456 0.456 0.456 0.456 0.456 0.456 0.456 0.456 0.456 0.456 0.456 0.456 0.456 0.456 0.456 0.456 0.456 0.456 0.456 0.456 0.456 0.456 0.456 0.456 0.456 0.456 0.456 0.456 0.456 0.456 0.456 0.456 0.456 0.456 0.456 0.456 0.456 0.456 0.455 0.455 0.454 0.451 0.444 0.444 0.443 0.442 0.440 0.439
