COT Code/vwc/VWCL0004N0001.asc
ncols         676
nrows         635
xllcorner     24483.000000
yllcorner     28694.204819
cellsize      5.000000
NODATA_value  -9999.0
[rows 363 to 395 of 635, columns 225 to 299 of 676]
0.452 0.455 0.454 0.456 0.456 0.454 0.453 0.455 0.454 0.448 0.430 0.418 0.403 0.403 0.403 0.403 0.403 0.403 0.402 0.401 0.400 0.399 0.397 0.397 0.397 0.397 0.397 0.396 0.395 0.393 0.392 0.393 0.394 0.393 0.393 0.394 0.387 0.386 0.385 0.385 0.385 0.385 0.385 0.385 0.385 0.385 0.385 0.385 0.385 0.385 0.385 0.385 0.385 0.384 0.384 0.384 0.384 0.384 0.384 0.383 0.383 0.383 0.382 0.383 0.384 0.386 0.386 0.386 0.398 0.404 0.409 0.422 0.423 0.422 0.422
0.455 0.454 0.455 0.456 0.456 0.452 0.448 0.446 0.440 0.430 0.427 0.417 0.403 0.403 0.404 0.404 0.404 0.404 0.403 0.402 0.400 0.398 0.397 0.396 0.396 0.396 0.396 0.396 0.395 0.395 0.393 0.394 0.394 0.393 0.388 0.386 0.385 0.384 0.383 0.382 0.385 0.385 0.385 0.385 0.385 0.386 0.386 0.385 0.385 0.385 0.385 0.385 0.385 0.384 0.384 0.385 0.385 0.384 0.383 0.382 0.383 0.382 0.382 0.382 0.383 0.386 0.385 0.385 0.391 0.405 0.417 0.424 0.424 0.424 0.427
0.436 0.433 0.444 0.456 0.455 0.444 0.435 0.430 0.428 0.427 0.427 0.418 0.404 0.404 0.405 0.405 0.404 0.404 0.403 0.403 0.401 0.399 0.397 0.396 0.396 0.396 0.397 0.396 0.395 0.395 0.393 0.395 0.394 0.389 0.382 0.383 0.383 0.382 0.382 0.382 0.386 0.386 0.386 0.385 0.385 0.385 0.385 0.385 0.385 0.384 0.384 0.384 0.384 0.384 0.384 0.384 0.384 0.384 0.384 0.382 0.381 0.381 0.381 0.381 0.383 0.385 0.383 0.383 0.386 0.397 0.414 0.425 0.425 0.427 0.430
0.423 0.421 0.436 0.452 0.452 0.440 0.430 0.428 0.428 0.427 0.427 0.418 0.405 0.405 0.405 0.404 0.404 0.403 0.402 0.402 0.402 0.401 0.398 0.397 0.397 0.397 0.397 0.395 0.395 0.395 0.395 0.395 0.389 0.380 0.382 0.381 0.381 0.381 0.379 0.382 0.385 0.386 0.386 0.386 0.386 0.386 0.386 0.387 0.386 0.386 0.385 0.385 0.386 0.386 0.385 0.386 0.386 0.385 0.385 0.384 0.380 0.379 0.380 0.380 0.382 0.384 0.384 0.383 0.383 0.385 0.404 0.424 0.429 0.430 0.430
0.423 0.421 0.430 0.449 0.448 0.435 0.429 0.428 0.428 0.428 0.428 0.416 0.405 0.405 0.404 0.404 0.403 0.403 0.401 0.401 0.401 0.401 0.400 0.398 0.398 0.397 0.397 0.396 0.396 0.396 0.395 0.389 0.380 0.379 0.380 0.380 0.380 0.378 0.376 0.382 0.384 0.387 0.387 0.387 0.387 0.387 0.387 0.387 0.387 0.387 0.387 0.386 0.386 0.386 0.386 0.386 0.386 0.386 0.386 0.384 0.378 0.379 0.379 0.380 0.382 0.385 0.385 0.385 0.383 0.384 0.404 0.425 0.432 0.432 0.432
0.423 0.422 0.424 0.442 0.442 0.429 0.429 0.428 0.428 0.428 0.429 0.415 0.404 0.404 0.405 0.404 0.403 0.403 0.402 0.401 0.400 0.400 0.401 0.400 0.398 0.396 0.397 0.398 0.393 0.389 0.388 0.380 0.378 0.378 0.378 0.378 0.375 0.374 0.374 0.379 0.383 0.386 0.387 0.387 0.387 0.387 0.387 0.387 0.387 0.387 0.387 0.387 0.387 0.387 0.387 0.387 0.387 0.387 0.387 0.383 0.377 0.378 0.379 0.381 0.383 0.384 0.386 0.388 0.389 0.393 0.404 0.422 0.430 0.430 0.431
0.425 0.423 0.426 0.436 0.436 0.427 0.429 0.429 0.429 0.430 0.429 0.414 0.405 0.404 0.405 0.403 0.402 0.402 0.401 0.400 0.398 0.398 0.399 0.399 0.398 0.397 0.398 0.396 0.388 0.386 0.377 0.377 0.376 0.376 0.376 0.374 0.374 0.375 0.377 0.378 0.382 0.384 0.385 0.386 0.386 0.387 0.387 0.388 0.388 0.388 0.388 0.388 0.388 0.387 0.387 0.388 0.382 0.375 0.375 0.375 0.377 0.377 0.378 0.381 0.384 0.385 0.386 0.387 0.388 0.393 0.398 0.405 0.411 0.417 0.421
0.425 0.425 0.428 0.434 0.431 0.426 0.431 0.431 0.431 0.431 0.430 0.414 0.405 0.404 0.405 0.404 0.403 0.402 0.401 0.400 0.398 0.396 0.398 0.398 0.398 0.398 0.398 0.395 0.387 0.376 0.374 0.374 0.374 0.374 0.372 0.373 0.375 0.376 0.378 0.380 0.382 0.384 0.384 0.385 0.385 0.386 0.386 0.386 0.386 0.386 0.387 0.387 0.386 0.386 0.387 0.387 0.378 0.366 0.369 0.375 0.376 0.376 0.377 0.379 0.382 0.385 0.386 0.387 0.391 0.395 0.396 0.398 0.400 0.402 0.404
0.427 0.428 0.431 0.430 0.426 0.426 0.431 0.432 0.431 0.431 0.431 0.412 0.405 0.405 0.405 0.404 0.403 0.402 0.401 0.400 0.398 0.397 0.398 0.398 0.398 0.398 0.396 0.389 0.377 0.372 0.372 0.372 0.372 0.371 0.372 0.374 0.376 0.377 0.378 0.379 0.381 0.382 0.382 0.383 0.383 0.384 0.384 0.384 0.384 0.384 0.382 0.384 0.385 0.384 0.384 0.384 0.373 0.368 0.374 0.375 0.375 0.375 0.376 0.376 0.377 0.382 0.385 0.389 0.393 0.394 0.396 0.398 0.400 0.402 0.404
0.430 0.430 0.429 0.425 0.425 0.425 0.428 0.432 0.432 0.431 0.431 0.413 0.407 0.404 0.405 0.405 0.403 0.402 0.401 0.400 0.400 0.399 0.399 0.399 0.399 0.398 0.389 0.374 0.371 0.370 0.370 0.371 0.369 0.370 0.372 0.374 0.376 0.369 0.364 0.365 0.369 0.372 0.373 0.374 0.375 0.375 0.375 0.375 0.374 0.370 0.367 0.367 0.368 0.372 0.369 0.368 0.367 0.372 0.374 0.374 0.374 0.378 0.381 0.379 0.380 0.384 0.388 0.390 0.391 0.392 0.394 0.396 0.399 0.401 0.404
0.431 0.429 0.426 0.426 0.426 0.426 0.426 0.431 0.433 0.433 0.433 0.415 0.410 0.407 0.404 0.405 0.404 0.403 0.402 0.402 0.401 0.401 0.400 0.400 0.398 0.389 0.374 0.370 0.369 0.369 0.369 0.367 0.368 0.370 0.372 0.374 0.368 0.363 0.364 0.365 0.366 0.366 0.366 0.366 0.366 0.366 0.366 0.366 0.366 0.365 0.363 0.363 0.363 0.365 0.369 0.368 0.371 0.373 0.373 0.373 0.379 0.381 0.380 0.381 0.382 0.387 0.388 0.387 0.392 0.395 0.396 0.396 0.398 0.400 0.402
0.430 0.428 0.427 0.427 0.427 0.427 0.426 0.425 0.431 0.434 0.433 0.415 0.411 0.410 0.409 0.405 0.405 0.404 0.404 0.404 0.403 0.402 0.401 0.400 0.389 0.374 0.370 0.369 0.368 0.367 0.365 0.366 0.368 0.370 0.372 0.367 0.363 0.364 0.364 0.364 0.364 0.364 0.364 0.363 0.363 0.363 0.363 0.363 0.363 0.363 0.363 0.363 0.363 0.363 0.368 0.370 0.372 0.372 0.372 0.377 0.381 0.380 0.380 0.381 0.386 0.389 0.387 0.390 0.394 0.397 0.398 0.398 0.399 0.399 0.399
0.430 0.428 0.428 0.428 0.427 0.426 0.425 0.424 0.427 0.432 0.434 0.411 0.411 0.411 0.411 0.408 0.405 0.406 0.406 0.406 0.406 0.405 0.401 0.390 0.374 0.370 0.368 0.367 0.366 0.364 0.365 0.366 0.368 0.370 0.365 0.364 0.364 0.365 0.365 0.365 0.364 0.364 0.364 0.364 0.364 0.364 0.364 0.363 0.363 0.363 0.363 0.363 0.364 0.365 0.370 0.371 0.372 0.372 0.377 0.381 0.380 0.380 0.381 0.385 0.390 0.389 0.389 0.393 0.395 0.397 0.399 0.399 0.399 0.400 0.401
0.430 0.429 0.428 0.428 0.426 0.423 0.424 0.425 0.425 0.426 0.432 0.412 0.412 0.412 0.412 0.412 0.411 0.411 0.411 0.411 0.409 0.404 0.391 0.374 0.370 0.369 0.367 0.366 0.363 0.363 0.365 0.367 0.368 0.366 0.364 0.364 0.365 0.365 0.365 0.365 0.365 0.365 0.365 0.365 0.365 0.364 0.364 0.364 0.364 0.364 0.364 0.364 0.366 0.370 0.371 0.372 0.372 0.377 0.382 0.381 0.380 0.381 0.386 0.389 0.393 0.392 0.392 0.396 0.399 0.400 0.400 0.400 0.400 0.400 0.401
0.431 0.429 0.429 0.425 0.421 0.419 0.422 0.426 0.425 0.425 0.427 0.411 0.413 0.413 0.412 0.412 0.412 0.412 0.412 0.412 0.410 0.391 0.374 0.371 0.369 0.368 0.367 0.364 0.363 0.365 0.366 0.367 0.365 0.365 0.365 0.365 0.366 0.366 0.366 0.365 0.365 0.365 0.365 0.365 0.365 0.365 0.365 0.365 0.364 0.365 0.365 0.367 0.370 0.371 0.372 0.372 0.377 0.382 0.382 0.381 0.382 0.386 0.390 0.394 0.395 0.394 0.393 0.397 0.400 0.400 0.400 0.400 0.400 0.401 0.401
0.421 0.421 0.422 0.420 0.418 0.417 0.419 0.423 0.426 0.426 0.426 0.404 0.411 0.413 0.413 0.413 0.413 0.413 0.413 0.412 0.408 0.383 0.370 0.369 0.368 0.367 0.364 0.362 0.364 0.366 0.367 0.366 0.365 0.365 0.366 0.366 0.366 0.366 0.366 0.366 0.364 0.365 0.366 0.366 0.366 0.366 0.366 0.366 0.366 0.368 0.371 0.371 0.371 0.372 0.372 0.378 0.383 0.382 0.381 0.382 0.387 0.391 0.397 0.398 0.397 0.396 0.396 0.398 0.399 0.401 0.402 0.401 0.400 0.402 0.403
0.400 0.401 0.403 0.406 0.412 0.416 0.417 0.420 0.424 0.427 0.420 0.401 0.405 0.413 0.413 0.413 0.413 0.413 0.413 0.413 0.409 0.384 0.371 0.369 0.365 0.364 0.363 0.363 0.365 0.367 0.367 0.366 0.365 0.366 0.366 0.366 0.367 0.367 0.366 0.366 0.365 0.367 0.369 0.368 0.366 0.366 0.366 0.366 0.370 0.372 0.372 0.372 0.372 0.372 0.378 0.384 0.383 0.382 0.382 0.387 0.391 0.398 0.400 0.400 0.400 0.400 0.401 0.401 0.400 0.402 0.402 0.399 0.398 0.401 0.403
0.380 0.380 0.381 0.382 0.390 0.400 0.406 0.408 0.411 0.415 0.412 0.397 0.399 0.407 0.415 0.411 0.409 0.409 0.410 0.409 0.403 0.383 0.373 0.368 0.367 0.366 0.366 0.366 0.366 0.367 0.367 0.366 0.367 0.367 0.367 0.367 0.368 0.367 0.366 0.366 0.367 0.368 0.369 0.369 0.369 0.368 0.368 0.370 0.373 0.373 0.372 0.372 0.372 0.379 0.384 0.383 0.383 0.383 0.388 0.393 0.400 0.402 0.402 0.402 0.401 0.402 0.403 0.403 0.403 0.403 0.403 0.402 0.407 0.416 0.423
0.374 0.374 0.374 0.373 0.374 0.377 0.381 0.384 0.388 0.391 0.392 0.381 0.387 0.391 0.396 0.389 0.390 0.391 0.391 0.389 0.384 0.373 0.370 0.369 0.369 0.368 0.368 0.368 0.367 0.367 0.367 0.367 0.367 0.367 0.367 0.367 0.368 0.367 0.367 0.368 0.369 0.369 0.370 0.369 0.369 0.370 0.372 0.373 0.373 0.372 0.372 0.373 0.380 0.384 0.383 0.383 0.383 0.389 0.396 0.402 0.403 0.403 0.402 0.402 0.402 0.403 0.403 0.403 0.403 0.404 0.404 0.414 0.437 0.442 0.443
0.375 0.375 0.375 0.374 0.373 0.373 0.373 0.373 0.373 0.373 0.370 0.358 0.361 0.363 0.365 0.363 0.360 0.360 0.360 0.359 0.358 0.362 0.366 0.366 0.366 0.366 0.365 0.364 0.364 0.367 0.367 0.368 0.368 0.368 0.368 0.368 0.368 0.368 0.368 0.370 0.370 0.370 0.370 0.370 0.371 0.373 0.374 0.374 0.373 0.372 0.374 0.379 0.385 0.384 0.383 0.383 0.389 0.394 0.403 0.404 0.403 0.403 0.403 0.403 0.403 0.404 0.404 0.403 0.404 0.406 0.407 0.421 0.442 0.447 0.447
0.376 0.375 0.375 0.375 0.374 0.375 0.375 0.375 0.375 0.374 0.364 0.351 0.351 0.351 0.352 0.351 0.350 0.350 0.349 0.349 0.349 0.350 0.350 0.350 0.350 0.351 0.351 0.350 0.359 0.366 0.367 0.368 0.368 0.368 0.368 0.369 0.369 0.369 0.369 0.370 0.371 0.371 0.371 0.372 0.373 0.374 0.373 0.373 0.372 0.374 0.377 0.379 0.384 0.384 0.383 0.389 0.395 0.395 0.405 0.405 0.405 0.405 0.405 0.405 0.406 0.405 0.404 0.404 0.405 0.407 0.407 0.423 0.444 0.448 0.447
0.377 0.376 0.376 0.375 0.375 0.376 0.376 0.376 0.375 0.371 0.362 0.351 0.351 0.352 0.351 0.351 0.350 0.350 0.349 0.349 0.349 0.349 0.349 0.349 0.349 0.349 0.349 0.350 0.357 0.365 0.366 0.369 0.369 0.369 0.369 0.370 0.370 0.369 0.369 0.371 0.371 0.371 0.372 0.374 0.374 0.373 0.373 0.373 0.374 0.379 0.381 0.382 0.384 0.385 0.392 0.398 0.401 0.403 0.404 0.405 0.406 0.407 0.407 0.406 0.405 0.405 0.405 0.405 0.405 0.406 0.407 0.414 0.436 0.443 0.447
0.379 0.377 0.377 0.376 0.376 0.377 0.376 0.376 0.376 0.372 0.362 0.351 0.351 0.351 0.351 0.351 0.350 0.350 0.350 0.350 0.350 0.350 0.349 0.349 0.349 0.349 0.349 0.350 0.356 0.364 0.366 0.369 0.369 0.369 0.370 0.370 0.370 0.370 0.370 0.371 0.371 0.372 0.374 0.374 0.373 0.373 0.373 0.374 0.377 0.380 0.382 0.384 0.386 0.392 0.397 0.399 0.402 0.407 0.408 0.408 0.408 0.409 0.408 0.406 0.407 0.406 0.407 0.407 0.406 0.407 0.406 0.408 0.411 0.417 0.427
0.380 0.379 0.378 0.378 0.378 0.377 0.377 0.377 0.377 0.372 0.361 0.351 0.352 0.352 0.351 0.351 0.351 0.350 0.350 0.350 0.350 0.350 0.350 0.350 0.349 0.350 0.349 0.350 0.356 0.363 0.366 0.370 0.370 0.370 0.370 0.371 0.370 0.370 0.371 0.372 0.373 0.374 0.374 0.373 0.373 0.373 0.374 0.377 0.380 0.383 0.388 0.391 0.395 0.398 0.399 0.401 0.404 0.408 0.410 0.410 0.410 0.409 0.408 0.408 0.409 0.409 0.408 0.408 0.408 0.409 0.409 0.411 0.412 0.412 0.412
0.381 0.380 0.379 0.379 0.379 0.379 0.378 0.378 0.377 0.373 0.360 0.353 0.353 0.353 0.352 0.352 0.352 0.352 0.352 0.352 0.352 0.352 0.352 0.351 0.351 0.351 0.351 0.351 0.356 0.362 0.366 0.370 0.370 0.370 0.371 0.371 0.371 0.371 0.371 0.373 0.375 0.375 0.373 0.372 0.373 0.375 0.378 0.381 0.384 0.387 0.390 0.398 0.401 0.401 0.401 0.403 0.405 0.409 0.411 0.411 0.410 0.409 0.408 0.409 0.410 0.410 0.410 0.407 0.407 0.408 0.411 0.411 0.412 0.411 0.410
0.382 0.382 0.381 0.380 0.380 0.380 0.380 0.380 0.379 0.378 0.364 0.355 0.355 0.354 0.355 0.355 0.355 0.355 0.355 0.355 0.355 0.354 0.355 0.355 0.355 0.355 0.355 0.355 0.357 0.361 0.365 0.371 0.371 0.371 0.372 0.372 0.371 0.371 0.372 0.374 0.375 0.374 0.373 0.373 0.377 0.378 0.382 0.385 0.389 0.392 0.399 0.404 0.403 0.403 0.403 0.404 0.407 0.411 0.412 0.411 0.410 0.410 0.410 0.410 0.411 0.412 0.412 0.409 0.408 0.410 0.412 0.412 0.412 0.411 0.412
0.381 0.381 0.381 0.381 0.381 0.381 0.380 0.380 0.379 0.378 0.365 0.356 0.356 0.356 0.356 0.356 0.356 0.355 0.355 0.355 0.355 0.355 0.355 0.355 0.355 0.355 0.354 0.354 0.355 0.358 0.366 0.371 0.371 0.372 0.372 0.372 0.372 0.373 0.375 0.375 0.374 0.373 0.373 0.377 0.381 0.383 0.389 0.391 0.394 0.403 0.408 0.408 0.408 0.408 0.407 0.407 0.409 0.412 0.412 0.411 0.410 0.410 0.410 0.411 0.411 0.412 0.413 0.410 0.411 0.411 0.412 0.412 0.412 0.412 0.412
0.381 0.380 0.380 0.381 0.381 0.381 0.381 0.381 0.381 0.379 0.363 0.357 0.356 0.356 0.356 0.355 0.356 0.356 0.356 0.356 0.356 0.356 0.355 0.355 0.355 0.355 0.354 0.353 0.354 0.356 0.367 0.372 0.372 0.372 0.373 0.373 0.374 0.375 0.375 0.374 0.374 0.373 0.378 0.383 0.391 0.393 0.396 0.396 0.406 0.413 0.414 0.414 0.413 0.413 0.413 0.414 0.414 0.413 0.411 0.411 0.411 0.411 0.411 0.410 0.410 0.411 0.414 0.411 0.411 0.412 0.412 0.413 0.413 0.412 0.413
0.382 0.381 0.380 0.381 0.382 0.380 0.380 0.382 0.380 0.380 0.362 0.356 0.355 0.354 0.355 0.355 0.355 0.354 0.355 0.354 0.354 0.354 0.354 0.354 0.353 0.352 0.354 0.354 0.354 0.357 0.365 0.371 0.372 0.373 0.374 0.374 0.375 0.375 0.374 0.373 0.373 0.379 0.386 0.393 0.394 0.395 0.399 0.405 0.417 0.419 0.418 0.418 0.418 0.418 0.418 0.418 0.418 0.416 0.416 0.415 0.415 0.415 0.415 0.415 0.415 0.415 0.416 0.411 0.412 0.412 0.413 0.413 0.413 0.413 0.414
0.383 0.382 0.381 0.381 0.378 0.371 0.371 0.372 0.373 0.374 0.359 0.354 0.354 0.354 0.353 0.353 0.353 0.353 0.353 0.353 0.352 0.352 0.352 0.352 0.352 0.352 0.355 0.355 0.355 0.356 0.359 0.371 0.373 0.374 0.374 0.374 0.375 0.374 0.374 0.374 0.379 0.389 0.396 0.397 0.395 0.398 0.408 0.413 0.418 0.419 0.419 0.419 0.419 0.419 0.419 0.418 0.417 0.417 0.416 0.416 0.416 0.416 0.416 0.415 0.415 0.417 0.416 0.412 0.412 0.413 0.414 0.414 0.414 0.415 0.415
0.381 0.380 0.380 0.381 0.376 0.370 0.370 0.370 0.369 0.370 0.356 0.354 0.354 0.354 0.353 0.353 0.353 0.352 0.352 0.352 0.352 0.352 0.352 0.352 0.352 0.354 0.356 0.356 0.356 0.356 0.357 0.366 0.374 0.374 0.373 0.374 0.375 0.375 0.375 0.380 0.392 0.398 0.398 0.398 0.397 0.405 0.415 0.415 0.419 0.420 0.420 0.420 0.420 0.419 0.419 0.418 0.418 0.418 0.417 0.417 0.417 0.416 0.416 0.416 0.418 0.418 0.416 0.411 0.412 0.414 0.414 0.414 0.414 0.415 0.416
0.383 0.380 0.378 0.378 0.375 0.372 0.371 0.371 0.371 0.371 0.354 0.354 0.354 0.354 0.354 0.354 0.354 0.353 0.353 0.353 0.353 0.353 0.353 0.353 0.353 0.353 0.357 0.357 0.356 0.357 0.359 0.365 0.373 0.373 0.374 0.375 0.375 0.379 0.382 0.390 0.399 0.399 0.399 0.399 0.404 0.411 0.417 0.418 0.421 0.421 0.421 0.420 0.420 0.420 0.419 0.419 0.418 0.418 0.418 0.417 0.417 0.417 0.417 0.419 0.419 0.418 0.417 0.414 0.414 0.415 0.415 0.415 0.415 0.415 0.417
0.385 0.383 0.381 0.380 0.379 0.377 0.375 0.374 0.374 0.371 0.350 0.351 0.351 0.351 0.352 0.351 0.351 0.351 0.351 0.351 0.351 0.351 0.352 0.352 0.352 0.353 0.354 0.354 0.357 0.362 0.367 0.370 0.373 0.374 0.375 0.373 0.376 0.383 0.387 0.390 0.398 0.399 0.399 0.405 0.408 0.412 0.419 0.419 0.421 0.422 0.422 0.421 0.421 0.420 0.419 0.419 0.419 0.419 0.419 0.418 0.418 0.418 0.419 0.419 0.419 0.419 0.418 0.416 0.416 0.415 0.415 0.415 0.414 0.415 0.417
