COT Code/vwc/VWCL0004N0001.asc
ncols         676
nrows         635
xllcorner     24483.000000
yllcorner     28694.204819
cellsize      5.000000
NODATA_value  -9999.0
[rows 363 to 395 of 635, columns 375 to 449 of 676]
0.448 0.448 0.448 0.448 0.448 0.448 0.448 0.448 0.448 0.448 0.448 0.448 0.448 0.448 0.448 0.448 0.448 0.448 0.448 0.448 0.448 0.448 0.448 0.448 0.448 0.448 0.448 0.448 0.448 0.449 0.450 0.455 0.438 0.418 0.414 0.414 0.415 0.416 0.418 0.420 0.422 0.422 0.423 0.424 0.427 0.427 0.429 0.430 0.431 0.432 0.433 0.438 0.447 0.454 0.456 0.456 0.456 0.456 0.455 0.456 0.456 0.456 0.456 0.456 0.456 0.456 0.456 0.456 0.456 0.456 0.456 0.456 0.456 0.456 0.456
0.448 0.448 0.448 0.448 0.448 0.448 0.448 0.448 0.448 0.448 0.448 0.448 0.448 0.448 0.448 0.448 0.448 0.448 0.448 0.448 0.448 0.448 0.448 0.448 0.448 0.448 0.448 0.448 0.448 0.449 0.452 0.454 0.434 0.412 0.407 0.408 0.408 0.409 0.409 0.409 0.409 0.409 0.410 0.411 0.412 0.412 0.413 0.414 0.416 0.416 0.417 0.420 0.423 0.426 0.430 0.434 0.437 0.441 0.440 0.450 0.456 0.456 0.456 0.456 0.456 0.456 0.456 0.456 0.456 0.456 0.456 0.456 0.456 0.456 0.456
0.448 0.448 0.448 0.448 0.448 0.448 0.448 0.448 0.448 0.448 0.448 0.448 0.448 0.448 0.448 0.448 0.448 0.448 0.448 0.448 0.448 0.448 0.448 0.448 0.448 0.448 0.448 0.448 0.448 0.449 0.450 0.455 0.436 0.415 0.411 0.410 0.411 0.411 0.412 0.412 0.413 0.414 0.414 0.414 0.415 0.416 0.417 0.417 0.418 0.418 0.419 0.419 0.419 0.419 0.418 0.419 0.421 0.420 0.422 0.444 0.456 0.456 0.456 0.456 0.456 0.456 0.456 0.456 0.456 0.456 0.456 0.456 0.456 0.456 0.456
0.448 0.448 0.448 0.448 0.448 0.448 0.448 0.448 0.448 0.448 0.448 0.448 0.448 0.448 0.448 0.448 0.448 0.448 0.448 0.448 0.448 0.448 0.448 0.448 0.448 0.448 0.448 0.448 0.448 0.449 0.449 0.455 0.435 0.415 0.412 0.411 0.411 0.413 0.413 0.413 0.413 0.415 0.415 0.415 0.416 0.416 0.418 0.419 0.419 0.420 0.421 0.422 0.422 0.423 0.418 0.422 0.423 0.423 0.429 0.447 0.454 0.456 0.456 0.456 0.456 0.456 0.456 0.456 0.456 0.456 0.456 0.456 0.456 0.456 0.456
0.448 0.448 0.448 0.448 0.448 0.448 0.448 0.448 0.448 0.448 0.448 0.448 0.448 0.448 0.448 0.448 0.448 0.448 0.448 0.448 0.448 0.448 0.448 0.448 0.448 0.448 0.448 0.448 0.448 0.449 0.450 0.455 0.432 0.415 0.413 0.412 0.412 0.412 0.413 0.414 0.414 0.415 0.416 0.416 0.417 0.418 0.420 0.420 0.420 0.421 0.422 0.423 0.424 0.425 0.424 0.425 0.425 0.427 0.432 0.435 0.433 0.443 0.443 0.447 0.456 0.456 0.456 0.456 0.456 0.456 0.451 0.455 0.456 0.456 0.456
0.448 0.448 0.448 0.448 0.448 0.448 0.448 0.448 0.448 0.448 0.448 0.448 0.448 0.448 0.448 0.448 0.448 0.448 0.448 0.448 0.448 0.448 0.448 0.448 0.448 0.448 0.448 0.448 0.448 0.449 0.452 0.453 0.432 0.416 0.414 0.413 0.413 0.413 0.414 0.416 0.416 0.416 0.417 0.418 0.418 0.419 0.421 0.422 0.422 0.423 0.424 0.425 0.427 0.427 0.428 0.429 0.428 0.428 0.428 0.428 0.428 0.428 0.429 0.430 0.435 0.443 0.443 0.444 0.451 0.456 0.456 0.449 0.448 0.452 0.456
0.448 0.448 0.448 0.448 0.448 0.448 0.448 0.448 0.448 0.448 0.448 0.448 0.448 0.448 0.448 0.448 0.448 0.448 0.448 0.448 0.448 0.448 0.448 0.448 0.448 0.448 0.448 0.448 0.448 0.449 0.454 0.451 0.430 0.418 0.417 0.418 0.418 0.418 0.418 0.419 0.420 0.421 0.421 0.422 0.422 0.423 0.424 0.424 0.425 0.425 0.427 0.427 0.428 0.430 0.431 0.431 0.432 0.431 0.430 0.430 0.429 0.429 0.431 0.432 0.432 0.431 0.430 0.430 0.431 0.436 0.451 0.456 0.450 0.449 0.449
0.448 0.448 0.448 0.448 0.448 0.448 0.448 0.448 0.448 0.448 0.448 0.448 0.448 0.448 0.448 0.448 0.448 0.448 0.448 0.448 0.448 0.448 0.448 0.448 0.448 0.448 0.448 0.448 0.448 0.449 0.454 0.450 0.430 0.419 0.419 0.418 0.418 0.419 0.419 0.420 0.421 0.423 0.423 0.424 0.425 0.425 0.426 0.427 0.428 0.428 0.429 0.429 0.430 0.431 0.432 0.432 0.432 0.433 0.432 0.431 0.431 0.430 0.431 0.434 0.434 0.432 0.431 0.430 0.430 0.430 0.434 0.452 0.456 0.456 0.449
0.448 0.448 0.448 0.448 0.448 0.448 0.448 0.448 0.448 0.448 0.448 0.448 0.448 0.448 0.448 0.448 0.448 0.448 0.448 0.448 0.448 0.448 0.448 0.448 0.448 0.448 0.448 0.448 0.448 0.449 0.454 0.450 0.428 0.419 0.420 0.420 0.419 0.419 0.420 0.420 0.420 0.420 0.423 0.424 0.425 0.426 0.426 0.427 0.428 0.429 0.430 0.431 0.432 0.429 0.431 0.432 0.430 0.432 0.432 0.433 0.434 0.430 0.429 0.435 0.436 0.434 0.433 0.432 0.432 0.432 0.433 0.445 0.456 0.456 0.456
0.448 0.448 0.448 0.448 0.448 0.448 0.448 0.448 0.448 0.448 0.448 0.448 0.448 0.448 0.448 0.448 0.448 0.448 0.448 0.448 0.448 0.448 0.448 0.448 0.448 0.448 0.448 0.448 0.448 0.449 0.455 0.450 0.426 0.421 0.421 0.421 0.420 0.421 0.421 0.421 0.421 0.422 0.423 0.425 0.426 0.428 0.428 0.429 0.430 0.431 0.432 0.432 0.433 0.431 0.432 0.434 0.434 0.436 0.440 0.451 0.456 0.452 0.441 0.435 0.437 0.436 0.434 0.433 0.434 0.434 0.435 0.442 0.455 0.455 0.455
0.448 0.448 0.448 0.448 0.448 0.448 0.448 0.448 0.448 0.448 0.448 0.448 0.448 0.448 0.448 0.448 0.448 0.448 0.448 0.448 0.448 0.448 0.448 0.448 0.448 0.448 0.448 0.448 0.448 0.449 0.455 0.449 0.428 0.422 0.422 0.422 0.421 0.422 0.422 0.422 0.423 0.423 0.424 0.426 0.428 0.429 0.429 0.430 0.430 0.431 0.433 0.434 0.434 0.433 0.434 0.437 0.454 0.456 0.456 0.456 0.456 0.456 0.456 0.456 0.443 0.437 0.436 0.435 0.436 0.436 0.437 0.447 0.453 0.453 0.452
0.448 0.448 0.448 0.448 0.448 0.448 0.448 0.448 0.448 0.448 0.448 0.448 0.448 0.448 0.448 0.448 0.448 0.448 0.448 0.448 0.448 0.448 0.448 0.448 0.448 0.448 0.448 0.448 0.448 0.449 0.455 0.449 0.432 0.425 0.425 0.424 0.425 0.425 0.425 0.425 0.425 0.426 0.427 0.428 0.428 0.429 0.430 0.431 0.431 0.432 0.434 0.434 0.435 0.433 0.434 0.438 0.456 0.456 0.456 0.456 0.456 0.456 0.456 0.456 0.444 0.439 0.438 0.437 0.438 0.438 0.440 0.446 0.452 0.453 0.453
0.448 0.448 0.448 0.448 0.448 0.448 0.448 0.448 0.448 0.448 0.448 0.448 0.448 0.448 0.448 0.448 0.448 0.448 0.448 0.448 0.448 0.448 0.448 0.448 0.448 0.448 0.448 0.448 0.448 0.449 0.455 0.449 0.432 0.425 0.425 0.426 0.426 0.427 0.427 0.427 0.428 0.429 0.430 0.430 0.430 0.431 0.432 0.433 0.433 0.433 0.435 0.435 0.435 0.434 0.435 0.441 0.456 0.456 0.456 0.456 0.456 0.456 0.456 0.456 0.444 0.440 0.439 0.438 0.439 0.439 0.442 0.448 0.453 0.454 0.453
0.448 0.448 0.448 0.448 0.448 0.448 0.448 0.448 0.448 0.448 0.448 0.448 0.448 0.448 0.448 0.448 0.448 0.448 0.448 0.448 0.448 0.448 0.448 0.448 0.448 0.448 0.448 0.448 0.449 0.449 0.455 0.450 0.433 0.426 0.425 0.425 0.426 0.427 0.428 0.428 0.428 0.430 0.431 0.432 0.433 0.433 0.433 0.434 0.434 0.435 0.435 0.435 0.435 0.435 0.436 0.443 0.456 0.456 0.456 0.456 0.456 0.456 0.456 0.456 0.445 0.441 0.440 0.440 0.440 0.441 0.441 0.448 0.455 0.455 0.454
0.448 0.448 0.448 0.448 0.448 0.448 0.448 0.448 0.448 0.448 0.448 0.448 0.448 0.448 0.448 0.448 0.448 0.448 0.448 0.448 0.448 0.448 0.448 0.448 0.448 0.448 0.448 0.448 0.449 0.449 0.456 0.449 0.433 0.428 0.426 0.427 0.427 0.427 0.428 0.429 0.430 0.431 0.431 0.432 0.433 0.433 0.434 0.434 0.435 0.436 0.437 0.435 0.436 0.435 0.436 0.438 0.441 0.449 0.456 0.456 0.456 0.456 0.456 0.456 0.447 0.444 0.442 0.442 0.442 0.443 0.442 0.450 0.456 0.455 0.455
0.448 0.448 0.448 0.448 0.448 0.448 0.448 0.448 0.448 0.448 0.448 0.448 0.448 0.448 0.448 0.448 0.448 0.448 0.448 0.448 0.448 0.448 0.448 0.448 0.448 0.448 0.448 0.448 0.449 0.449 0.456 0.449 0.432 0.428 0.427 0.427 0.427 0.428 0.429 0.430 0.431 0.432 0.433 0.433 0.433 0.434 0.434 0.435 0.435 0.436 0.437 0.436 0.436 0.436 0.437 0.436 0.434 0.442 0.456 0.456 0.456 0.456 0.456 0.456 0.449 0.446 0.444 0.444 0.444 0.444 0.443 0.451 0.456 0.456 0.455
0.448 0.448 0.448 0.448 0.448 0.448 0.448 0.448 0.448 0.448 0.448 0.448 0.448 0.448 0.448 0.448 0.448 0.448 0.448 0.448 0.448 0.448 0.448 0.448 0.448 0.448 0.448 0.448 0.449 0.449 0.456 0.449 0.433 0.429 0.428 0.428 0.429 0.430 0.431 0.432 0.432 0.433 0.433 0.434 0.434 0.434 0.435 0.435 0.435 0.436 0.437 0.436 0.438 0.437 0.438 0.439 0.438 0.444 0.455 0.452 0.455 0.456 0.456 0.456 0.455 0.447 0.446 0.446 0.446 0.446 0.445 0.454 0.456 0.456 0.456
0.448 0.448 0.448 0.448 0.448 0.448 0.448 0.448 0.448 0.448 0.448 0.448 0.448 0.448 0.448 0.448 0.448 0.448 0.448 0.448 0.448 0.448 0.448 0.448 0.448 0.448 0.448 0.448 0.449 0.449 0.456 0.448 0.433 0.430 0.430 0.431 0.432 0.434 0.434 0.434 0.434 0.435 0.435 0.436 0.436 0.437 0.436 0.436 0.437 0.437 0.437 0.438 0.438 0.439 0.439 0.446 0.449 0.453 0.455 0.450 0.456 0.456 0.453 0.456 0.456 0.448 0.447 0.447 0.447 0.447 0.446 0.456 0.456 0.456 0.456
0.448 0.448 0.448 0.448 0.448 0.448 0.448 0.448 0.448 0.448 0.448 0.448 0.448 0.448 0.448 0.448 0.448 0.448 0.448 0.448 0.448 0.448 0.448 0.448 0.448 0.448 0.448 0.448 0.449 0.449 0.456 0.445 0.431 0.431 0.430 0.431 0.432 0.433 0.434 0.433 0.433 0.433 0.435 0.436 0.436 0.437 0.437 0.436 0.437 0.438 0.437 0.438 0.439 0.439 0.440 0.451 0.456 0.456 0.448 0.454 0.456 0.456 0.449 0.449 0.455 0.449 0.448 0.448 0.448 0.448 0.448 0.456 0.456 0.456 0.456
0.448 0.448 0.448 0.448 0.448 0.448 0.448 0.448 0.448 0.448 0.448 0.448 0.448 0.448 0.448 0.448 0.448 0.448 0.448 0.448 0.448 0.448 0.448 0.448 0.448 0.448 0.448 0.448 0.449 0.450 0.456 0.441 0.431 0.431 0.431 0.434 0.433 0.433 0.434 0.434 0.433 0.434 0.434 0.436 0.437 0.438 0.438 0.438 0.438 0.438 0.438 0.438 0.439 0.439 0.440 0.454 0.456 0.451 0.448 0.454 0.456 0.456 0.448 0.448 0.455 0.450 0.449 0.449 0.449 0.449 0.450 0.456 0.456 0.456 0.456
0.448 0.448 0.448 0.448 0.448 0.448 0.448 0.448 0.448 0.448 0.448 0.448 0.448 0.448 0.448 0.448 0.448 0.448 0.448 0.448 0.448 0.448 0.448 0.448 0.448 0.448 0.448 0.448 0.449 0.454 0.456 0.441 0.432 0.433 0.434 0.434 0.434 0.434 0.434 0.435 0.434 0.435 0.436 0.437 0.438 0.438 0.439 0.438 0.439 0.441 0.441 0.439 0.438 0.439 0.441 0.455 0.456 0.449 0.448 0.450 0.454 0.448 0.448 0.448 0.456 0.451 0.450 0.450 0.450 0.450 0.451 0.456 0.456 0.456 0.456
0.448 0.448 0.448 0.448 0.448 0.448 0.448 0.448 0.448 0.448 0.448 0.448 0.448 0.448 0.448 0.448 0.448 0.448 0.448 0.448 0.448 0.448 0.448 0.448 0.448 0.448 0.448 0.448 0.449 0.450 0.456 0.447 0.435 0.435 0.435 0.435 0.435 0.436 0.436 0.436 0.436 0.436 0.437 0.438 0.438 0.439 0.439 0.439 0.439 0.443 0.442 0.441 0.439 0.439 0.440 0.456 0.456 0.452 0.448 0.448 0.448 0.448 0.452 0.448 0.454 0.451 0.451 0.451 0.451 0.451 0.452 0.456 0.456 0.456 0.456
0.448 0.448 0.448 0.448 0.448 0.448 0.448 0.448 0.448 0.448 0.448 0.448 0.448 0.448 0.448 0.448 0.448 0.448 0.448 0.448 0.448 0.448 0.448 0.448 0.448 0.448 0.448 0.448 0.449 0.449 0.456 0.447 0.435 0.436 0.436 0.436 0.436 0.437 0.437 0.437 0.437 0.438 0.439 0.440 0.440 0.440 0.440 0.440 0.440 0.441 0.439 0.440 0.439 0.439 0.441 0.456 0.456 0.449 0.448 0.448 0.448 0.448 0.454 0.455 0.456 0.454 0.451 0.452 0.452 0.452 0.454 0.456 0.456 0.456 0.456
0.448 0.448 0.448 0.448 0.448 0.448 0.448 0.448 0.448 0.448 0.448 0.448 0.448 0.448 0.448 0.448 0.448 0.448 0.448 0.448 0.448 0.448 0.448 0.448 0.448 0.448 0.448 0.448 0.449 0.449 0.455 0.444 0.435 0.435 0.435 0.436 0.436 0.437 0.437 0.437 0.439 0.440 0.440 0.440 0.440 0.439 0.439 0.440 0.441 0.441 0.441 0.441 0.439 0.440 0.444 0.456 0.456 0.456 0.451 0.448 0.448 0.453 0.455 0.455 0.451 0.454 0.453 0.453 0.453 0.452 0.455 0.456 0.456 0.456 0.456
0.448 0.448 0.448 0.448 0.448 0.448 0.448 0.448 0.448 0.448 0.448 0.448 0.448 0.448 0.448 0.448 0.448 0.448 0.448 0.448 0.448 0.448 0.448 0.448 0.448 0.448 0.448 0.448 0.449 0.449 0.456 0.441 0.436 0.435 0.436 0.436 0.437 0.437 0.436 0.438 0.438 0.438 0.438 0.437 0.437 0.438 0.441 0.441 0.441 0.441 0.442 0.442 0.440 0.441 0.446 0.451 0.456 0.456 0.448 0.448 0.448 0.451 0.453 0.448 0.448 0.454 0.453 0.453 0.453 0.453 0.456 0.456 0.456 0.456 0.456
0.448 0.448 0.448 0.448 0.448 0.448 0.448 0.448 0.448 0.448 0.448 0.448 0.448 0.448 0.448 0.448 0.448 0.448 0.448 0.448 0.448 0.448 0.448 0.448 0.448 0.448 0.448 0.448 0.449 0.449 0.455 0.440 0.437 0.436 0.436 0.437 0.437 0.437 0.437 0.437 0.437 0.437 0.438 0.437 0.437 0.439 0.441 0.441 0.442 0.442 0.442 0.443 0.441 0.442 0.449 0.454 0.456 0.456 0.448 0.448 0.448 0.448 0.448 0.448 0.448 0.454 0.453 0.454 0.454 0.455 0.456 0.456 0.456 0.456 0.456
0.448 0.448 0.448 0.448 0.448 0.448 0.448 0.448 0.448 0.448 0.448 0.448 0.448 0.448 0.448 0.448 0.448 0.448 0.448 0.448 0.448 0.448 0.448 0.448 0.448 0.448 0.448 0.449 0.449 0.449 0.456 0.442 0.438 0.436 0.437 0.437 0.437 0.437 0.436 0.437 0.437 0.438 0.438 0.437 0.438 0.440 0.441 0.442 0.443 0.442 0.443 0.444 0.443 0.442 0.446 0.456 0.456 0.448 0.448 0.448 0.448 0.448 0.448 0.448 0.448 0.454 0.454 0.454 0.455 0.455 0.456 0.456 0.456 0.456 0.456
0.448 0.448 0.448 0.448 0.448 0.448 0.448 0.448 0.448 0.448 0.448 0.448 0.448 0.448 0.448 0.448 0.448 0.448 0.448 0.448 0.448 0.448 0.448 0.448 0.448 0.448 0.448 0.448 0.449 0.449 0.456 0.445 0.440 0.439 0.439 0.439 0.439 0.439 0.438 0.439 0.439 0.439 0.439 0.440 0.440 0.441 0.442 0.443 0.443 0.444 0.444 0.444 0.444 0.442 0.446 0.456 0.456 0.448 0.448 0.450 0.448 0.448 0.455 0.456 0.455 0.456 0.455 0.455 0.455 0.456 0.456 0.456 0.456 0.456 0.456
0.448 0.448 0.448 0.448 0.448 0.448 0.448 0.448 0.448 0.448 0.448 0.448 0.448 0.448 0.448 0.448 0.448 0.448 0.448 0.448 0.448 0.448 0.448 0.448 0.448 0.448 0.448 0.448 0.449 0.449 0.456 0.446 0.443 0.441 0.440 0.439 0.439 0.439 0.439 0.439 0.439 0.439 0.441 0.441 0.441 0.442 0.443 0.443 0.444 0.445 0.445 0.445 0.454 0.456 0.456 0.456 0.454 0.448 0.448 0.448 0.448 0.448 0.448 0.451 0.448 0.455 0.455 0.455 0.456 0.456 0.456 0.456 0.456 0.456 0.456
0.448 0.448 0.448 0.448 0.448 0.448 0.448 0.448 0.448 0.448 0.448 0.448 0.448 0.448 0.448 0.448 0.448 0.448 0.448 0.448 0.448 0.448 0.448 0.448 0.448 0.448 0.448 0.449 0.449 0.449 0.456 0.447 0.446 0.443 0.440 0.439 0.439 0.439 0.439 0.438 0.438 0.439 0.439 0.440 0.441 0.442 0.442 0.443 0.444 0.445 0.445 0.447 0.455 0.453 0.452 0.448 0.448 0.448 0.448 0.448 0.448 0.448 0.448 0.448 0.448 0.456 0.455 0.456 0.456 0.456 0.456 0.456 0.456 0.456 0.456
0.448 0.448 0.448 0.448 0.448 0.448 0.448 0.448 0.448 0.448 0.448 0.448 0.448 0.448 0.448 0.448 0.448 0.448 0.448 0.448 0.448 0.448 0.448 0.448 0.448 0.448 0.448 0.449 0.449 0.450 0.456 0.449 0.450 0.446 0.439 0.441 0.440 0.440 0.439 0.439 0.440 0.441 0.440 0.440 0.441 0.441 0.442 0.443 0.443 0.444 0.443 0.451 0.455 0.448 0.448 0.448 0.448 0.448 0.448 0.448 0.448 0.448 0.448 0.448 0.448 0.455 0.456 0.456 0.456 0.456 0.456 0.456 0.456 0.456 0.456
0.448 0.448 0.448 0.448 0.448 0.448 0.448 0.448 0.448 0.448 0.448 0.448 0.448 0.448 0.448 0.448 0.448 0.448 0.448 0.449 0.449 0.449 0.449 0.449 0.449 0.449 0.449 0.449 0.449 0.450 0.456 0.453 0.455 0.452 0.444 0.445 0.444 0.442 0.441 0.443 0.442 0.442 0.441 0.441 0.442 0.442 0.442 0.440 0.443 0.444 0.441 0.449 0.455 0.448 0.448 0.448 0.448 0.448 0.448 0.448 0.448 0.448 0.448 0.448 0.448 0.456 0.456 0.456 0.455 0.456 0.456 0.456 0.454 0.456 0.456
0.448 0.448 0.448 0.448 0.448 0.448 0.448 0.448 0.448 0.448 0.448 0.448 0.448 0.448 0.448 0.448 0.448 0.448 0.449 0.449 0.449 0.450 0.449 0.449 0.449 0.449 0.449 0.449 0.450 0.456 0.455 0.455 0.455 0.456 0.455 0.455 0.455 0.454 0.454 0.454 0.453 0.453 0.452 0.451 0.451 0.449 0.449 0.446 0.448 0.447 0.445 0.449 0.454 0.448 0.448 0.448 0.448 0.448 0.448 0.448 0.448 0.448 0.448 0.448 0.448 0.456 0.456 0.456 0.456 0.456 0.456 0.451 0.453 0.456 0.456
