COT Code/vwc/VWCL0006N0024.asc
ncols         676
nrows         635
xllcorner     24483.000000
yllcorner     28694.204819
cellsize      5.000000
NODATA_value  -9999.0
[rows 561 to 593 of 635, columns 300 to 374 of 676]
0.380 0.380 0.380 0.380 0.380 0.380 0.380 0.380 0.381 0.381 0.381 0.381 0.381 0.381 0.382 0.382 0.381 0.381 0.381 0.381 0.382 0.382 0.382 0.382 0.383 0.384 0.385 0.389 0.389 0.386 0.382 0.381 0.382 0.382 0.384 0.384 0.384 0.384 0.384 0.384 0.384 0.384 0.384 0.384 0.385 0.384 0.383 0.382 0.383 0.384 0.384 0.384 0.384 0.384 0.384 0.384 0.382 0.382 0.382 0.382 0.382 0.382 0.383 0.383 0.383 0.383 0.383 0.383 0.383 0.383 0.383 0.383 0.382 0.382 0.382
0.379 0.380 0.380 0.380 0.380 0.380 0.380 0.380 0.381 0.381 0.381 0.381 0.381 0.381 0.381 0.382 0.382 0.381 0.381 0.381 0.383 0.382 0.382 0.382 0.383 0.383 0.383 0.383 0.384 0.383 0.382 0.381 0.382 0.382 0.384 0.384 0.384 0.384 0.384 0.384 0.384 0.384 0.384 0.384 0.384 0.384 0.383 0.382 0.384 0.384 0.384 0.384 0.384 0.384 0.384 0.384 0.382 0.382 0.382 0.382 0.382 0.382 0.383 0.383 0.383 0.383 0.383 0.383 0.383 0.383 0.383 0.383 0.382 0.382 0.382
0.379 0.379 0.379 0.379 0.379 0.380 0.380 0.380 0.380 0.380 0.380 0.380 0.380 0.381 0.381 0.381 0.382 0.382 0.381 0.381 0.382 0.382 0.382 0.382 0.382 0.382 0.382 0.383 0.382 0.382 0.381 0.382 0.382 0.382 0.384 0.384 0.384 0.384 0.384 0.384 0.384 0.384 0.384 0.384 0.383 0.383 0.382 0.382 0.384 0.384 0.384 0.384 0.384 0.384 0.384 0.384 0.382 0.382 0.382 0.382 0.382 0.382 0.382 0.382 0.383 0.383 0.382 0.382 0.382 0.382 0.382 0.382 0.382 0.382 0.382
0.380 0.380 0.380 0.380 0.380 0.379 0.379 0.380 0.380 0.380 0.380 0.380 0.380 0.380 0.380 0.381 0.381 0.382 0.382 0.381 0.381 0.382 0.383 0.382 0.382 0.382 0.382 0.382 0.381 0.382 0.382 0.382 0.382 0.382 0.384 0.384 0.384 0.384 0.384 0.384 0.384 0.384 0.384 0.384 0.383 0.383 0.382 0.382 0.384 0.384 0.384 0.384 0.384 0.384 0.384 0.384 0.382 0.382 0.382 0.382 0.382 0.382 0.382 0.382 0.383 0.383 0.382 0.382 0.382 0.382 0.382 0.382 0.382 0.382 0.382
0.380 0.380 0.380 0.380 0.380 0.380 0.380 0.380 0.380 0.380 0.380 0.380 0.380 0.380 0.380 0.380 0.381 0.381 0.382 0.381 0.381 0.381 0.382 0.382 0.383 0.383 0.381 0.381 0.381 0.382 0.382 0.382 0.383 0.384 0.384 0.384 0.384 0.384 0.384 0.384 0.384 0.384 0.384 0.384 0.382 0.382 0.382 0.382 0.384 0.384 0.384 0.384 0.384 0.384 0.384 0.384 0.384 0.384 0.384 0.384 0.382 0.382 0.382 0.382 0.382 0.382 0.382 0.382 0.382 0.382 0.382 0.382 0.382 0.382 0.384
0.380 0.380 0.380 0.381 0.381 0.381 0.380 0.381 0.380 0.380 0.380 0.380 0.380 0.380 0.380 0.380 0.380 0.380 0.382 0.382 0.381 0.381 0.381 0.382 0.383 0.383 0.382 0.382 0.382 0.382 0.382 0.382 0.383 0.384 0.384 0.384 0.384 0.384 0.384 0.384 0.384 0.384 0.384 0.384 0.382 0.382 0.382 0.382 0.384 0.384 0.384 0.384 0.384 0.384 0.384 0.384 0.384 0.384 0.384 0.384 0.382 0.382 0.382 0.382 0.382 0.382 0.382 0.382 0.382 0.382 0.382 0.382 0.382 0.382 0.384
0.381 0.381 0.381 0.381 0.381 0.381 0.381 0.381 0.381 0.381 0.381 0.381 0.381 0.381 0.380 0.380 0.381 0.380 0.381 0.382 0.381 0.380 0.381 0.381 0.381 0.382 0.382 0.382 0.382 0.382 0.382 0.382 0.383 0.384 0.384 0.384 0.384 0.384 0.384 0.384 0.384 0.384 0.384 0.384 0.382 0.382 0.384 0.384 0.384 0.384 0.384 0.384 0.384 0.384 0.384 0.384 0.384 0.384 0.384 0.384 0.382 0.382 0.382 0.382 0.382 0.382 0.384 0.384 0.384 0.384 0.384 0.384 0.384 0.384 0.384
0.381 0.381 0.381 0.381 0.381 0.381 0.381 0.381 0.381 0.382 0.382 0.381 0.381 0.381 0.381 0.381 0.381 0.381 0.381 0.381 0.381 0.381 0.380 0.381 0.381 0.381 0.382 0.382 0.382 0.381 0.382 0.382 0.384 0.384 0.384 0.384 0.384 0.384 0.384 0.384 0.384 0.384 0.384 0.384 0.382 0.382 0.384 0.384 0.384 0.384 0.384 0.384 0.384 0.384 0.384 0.384 0.384 0.384 0.384 0.384 0.382 0.382 0.382 0.382 0.382 0.382 0.384 0.384 0.384 0.384 0.384 0.384 0.384 0.384 0.384
0.382 0.381 0.381 0.381 0.381 0.381 0.381 0.381 0.382 0.382 0.382 0.382 0.382 0.382 0.381 0.381 0.381 0.381 0.381 0.381 0.381 0.382 0.381 0.381 0.381 0.381 0.381 0.382 0.382 0.381 0.383 0.383 0.384 0.384 0.384 0.384 0.384 0.384 0.384 0.384 0.384 0.384 0.382 0.382 0.382 0.382 0.382 0.382 0.384 0.384 0.384 0.384 0.384 0.384 0.384 0.384 0.384 0.384 0.384 0.383 0.383 0.384 0.384 0.384 0.384 0.384 0.384 0.384 0.384 0.384 0.384 0.384 0.384 0.384 0.384
0.382 0.382 0.381 0.381 0.381 0.381 0.381 0.381 0.381 0.382 0.382 0.382 0.382 0.382 0.382 0.382 0.381 0.381 0.381 0.381 0.381 0.382 0.382 0.381 0.381 0.381 0.381 0.381 0.381 0.381 0.382 0.383 0.384 0.384 0.384 0.384 0.384 0.384 0.384 0.384 0.384 0.384 0.382 0.382 0.382 0.382 0.382 0.382 0.384 0.384 0.384 0.384 0.384 0.384 0.384 0.384 0.384 0.384 0.384 0.384 0.384 0.384 0.384 0.384 0.384 0.384 0.384 0.384 0.384 0.384 0.384 0.384 0.384 0.384 0.384
0.382 0.382 0.381 0.381 0.381 0.381 0.381 0.381 0.381 0.382 0.382 0.382 0.382 0.382 0.382 0.382 0.382 0.382 0.382 0.381 0.381 0.382 0.382 0.381 0.381 0.381 0.381 0.380 0.381 0.381 0.383 0.384 0.384 0.384 0.384 0.384 0.384 0.384 0.384 0.384 0.384 0.384 0.382 0.382 0.384 0.384 0.384 0.384 0.384 0.384 0.384 0.384 0.384 0.384 0.384 0.384 0.384 0.384 0.384 0.384 0.384 0.384 0.384 0.384 0.384 0.384 0.384 0.384 0.384 0.384 0.384 0.383 0.383 0.383 0.383
0.381 0.381 0.381 0.381 0.381 0.381 0.381 0.381 0.381 0.382 0.382 0.382 0.382 0.382 0.382 0.382 0.382 0.382 0.382 0.382 0.381 0.381 0.383 0.382 0.381 0.380 0.380 0.380 0.380 0.381 0.383 0.384 0.384 0.384 0.384 0.384 0.384 0.384 0.384 0.384 0.384 0.384 0.382 0.382 0.384 0.384 0.384 0.384 0.384 0.384 0.384 0.384 0.384 0.384 0.384 0.384 0.384 0.384 0.384 0.384 0.384 0.384 0.384 0.384 0.384 0.384 0.384 0.384 0.384 0.383 0.384 0.383 0.383 0.384 0.384
0.381 0.381 0.381 0.381 0.381 0.381 0.381 0.381 0.381 0.381 0.382 0.382 0.382 0.382 0.382 0.382 0.382 0.382 0.382 0.382 0.381 0.381 0.383 0.382 0.382 0.380 0.380 0.380 0.382 0.382 0.383 0.384 0.384 0.384 0.384 0.384 0.384 0.384 0.384 0.384 0.384 0.384 0.384 0.384 0.384 0.384 0.384 0.384 0.384 0.384 0.384 0.384 0.383 0.384 0.384 0.384 0.384 0.384 0.384 0.384 0.384 0.384 0.384 0.384 0.384 0.383 0.384 0.383 0.383 0.383 0.384 0.384 0.384 0.384 0.385
0.381 0.380 0.380 0.380 0.381 0.381 0.381 0.381 0.381 0.381 0.382 0.382 0.382 0.382 0.382 0.382 0.382 0.382 0.382 0.382 0.381 0.381 0.383 0.382 0.381 0.380 0.380 0.380 0.382 0.382 0.384 0.384 0.384 0.384 0.384 0.384 0.384 0.384 0.384 0.384 0.384 0.384 0.384 0.384 0.384 0.384 0.384 0.384 0.384 0.384 0.383 0.384 0.384 0.384 0.384 0.384 0.384 0.384 0.384 0.384 0.384 0.384 0.384 0.384 0.384 0.384 0.384 0.384 0.384 0.384 0.384 0.385 0.385 0.385 0.385
0.381 0.381 0.381 0.380 0.381 0.381 0.381 0.381 0.381 0.382 0.382 0.382 0.382 0.382 0.382 0.382 0.382 0.382 0.382 0.382 0.381 0.381 0.382 0.382 0.381 0.380 0.380 0.381 0.382 0.383 0.384 0.384 0.384 0.384 0.384 0.384 0.384 0.384 0.384 0.384 0.384 0.384 0.384 0.384 0.384 0.384 0.384 0.384 0.384 0.384 0.384 0.384 0.384 0.384 0.384 0.384 0.384 0.384 0.384 0.384 0.383 0.383 0.384 0.384 0.384 0.384 0.383 0.383 0.383 0.383 0.383 0.383 0.384 0.384 0.385
0.381 0.381 0.380 0.381 0.381 0.381 0.381 0.381 0.381 0.382 0.382 0.382 0.382 0.382 0.382 0.381 0.382 0.382 0.382 0.382 0.382 0.382 0.382 0.382 0.380 0.380 0.380 0.380 0.382 0.383 0.384 0.384 0.384 0.384 0.384 0.384 0.384 0.384 0.384 0.384 0.384 0.384 0.384 0.384 0.384 0.384 0.384 0.384 0.384 0.384 0.384 0.384 0.384 0.384 0.384 0.384 0.384 0.384 0.384 0.384 0.383 0.383 0.384 0.384 0.384 0.384 0.383 0.383 0.383 0.383 0.383 0.383 0.384 0.385 0.384
0.381 0.381 0.381 0.381 0.381 0.381 0.381 0.381 0.381 0.381 0.382 0.382 0.382 0.382 0.382 0.381 0.382 0.382 0.382 0.381 0.382 0.382 0.382 0.381 0.380 0.380 0.382 0.382 0.384 0.384 0.384 0.384 0.384 0.384 0.384 0.384 0.384 0.384 0.384 0.384 0.384 0.384 0.384 0.384 0.384 0.384 0.382 0.382 0.384 0.384 0.384 0.384 0.384 0.384 0.384 0.384 0.384 0.384 0.384 0.384 0.383 0.383 0.384 0.384 0.384 0.385 0.385 0.385 0.384 0.384 0.383 0.383 0.385 0.384 0.385
0.381 0.381 0.381 0.381 0.381 0.381 0.381 0.381 0.381 0.382 0.382 0.381 0.382 0.381 0.381 0.381 0.381 0.381 0.382 0.382 0.382 0.382 0.382 0.380 0.380 0.381 0.382 0.383 0.384 0.384 0.384 0.384 0.384 0.384 0.384 0.384 0.384 0.384 0.384 0.384 0.384 0.384 0.384 0.384 0.384 0.384 0.382 0.382 0.384 0.384 0.384 0.384 0.384 0.384 0.384 0.384 0.384 0.384 0.384 0.384 0.383 0.383 0.384 0.384 0.384 0.384 0.385 0.385 0.384 0.384 0.383 0.383 0.384 0.384 0.385
0.381 0.381 0.381 0.381 0.381 0.381 0.381 0.381 0.381 0.381 0.381 0.381 0.381 0.381 0.381 0.382 0.382 0.382 0.382 0.382 0.382 0.382 0.381 0.380 0.380 0.381 0.383 0.384 0.384 0.384 0.384 0.384 0.384 0.384 0.384 0.384 0.384 0.384 0.384 0.384 0.384 0.384 0.384 0.384 0.384 0.384 0.384 0.384 0.384 0.384 0.384 0.384 0.384 0.384 0.384 0.384 0.384 0.384 0.384 0.384 0.383 0.383 0.383 0.383 0.383 0.383 0.383 0.383 0.384 0.384 0.384 0.384 0.385 0.385 0.385
0.381 0.381 0.381 0.381 0.381 0.381 0.381 0.381 0.381 0.381 0.381 0.381 0.382 0.382 0.382 0.382 0.382 0.382 0.382 0.382 0.382 0.382 0.381 0.380 0.381 0.381 0.383 0.384 0.384 0.384 0.384 0.384 0.384 0.384 0.384 0.384 0.384 0.384 0.384 0.384 0.384 0.384 0.384 0.384 0.384 0.384 0.384 0.385 0.384 0.384 0.384 0.384 0.385 0.385 0.384 0.384 0.384 0.384 0.385 0.385 0.383 0.383 0.383 0.383 0.383 0.383 0.383 0.383 0.385 0.385 0.385 0.385 0.385 0.385 0.384
0.380 0.380 0.381 0.381 0.381 0.381 0.381 0.381 0.382 0.382 0.382 0.382 0.382 0.382 0.382 0.382 0.382 0.382 0.382 0.382 0.382 0.382 0.381 0.381 0.382 0.383 0.384 0.384 0.384 0.384 0.384 0.384 0.384 0.384 0.384 0.384 0.384 0.384 0.384 0.384 0.384 0.384 0.384 0.384 0.385 0.385 0.384 0.385 0.385 0.385 0.384 0.384 0.385 0.385 0.384 0.385 0.385 0.385 0.385 0.385 0.383 0.383 0.383 0.383 0.385 0.386 0.386 0.386 0.386 0.386 0.386 0.385 0.385 0.385 0.385
0.380 0.380 0.381 0.382 0.382 0.382 0.382 0.382 0.382 0.382 0.381 0.381 0.382 0.382 0.382 0.382 0.382 0.382 0.382 0.382 0.382 0.382 0.381 0.381 0.382 0.383 0.384 0.384 0.384 0.384 0.384 0.384 0.384 0.384 0.384 0.384 0.384 0.384 0.384 0.384 0.384 0.384 0.384 0.384 0.384 0.385 0.385 0.385 0.385 0.385 0.385 0.385 0.385 0.385 0.385 0.385 0.385 0.385 0.385 0.385 0.383 0.383 0.383 0.383 0.385 0.386 0.386 0.386 0.386 0.385 0.385 0.385 0.386 0.386 0.386
0.381 0.381 0.382 0.382 0.382 0.382 0.381 0.381 0.381 0.381 0.381 0.382 0.381 0.381 0.381 0.382 0.381 0.381 0.382 0.382 0.382 0.382 0.381 0.381 0.383 0.383 0.384 0.384 0.384 0.384 0.384 0.384 0.384 0.384 0.384 0.384 0.384 0.384 0.382 0.382 0.382 0.383 0.383 0.382 0.384 0.384 0.385 0.385 0.385 0.385 0.385 0.385 0.385 0.385 0.385 0.385 0.385 0.385 0.385 0.385 0.385 0.385 0.385 0.385 0.385 0.386 0.386 0.386 0.385 0.385 0.385 0.386 0.386 0.386 0.385
0.380 0.381 0.381 0.381 0.380 0.380 0.380 0.381 0.381 0.381 0.382 0.382 0.382 0.382 0.382 0.382 0.382 0.382 0.382 0.382 0.382 0.382 0.382 0.381 0.383 0.384 0.384 0.384 0.384 0.384 0.384 0.384 0.384 0.384 0.384 0.384 0.384 0.383 0.382 0.385 0.386 0.386 0.386 0.383 0.384 0.384 0.385 0.385 0.385 0.385 0.385 0.385 0.385 0.385 0.385 0.385 0.385 0.385 0.385 0.385 0.385 0.385 0.385 0.385 0.385 0.386 0.386 0.386 0.386 0.385 0.386 0.386 0.386 0.386 0.386
0.380 0.380 0.380 0.381 0.381 0.381 0.381 0.381 0.382 0.382 0.382 0.382 0.382 0.382 0.382 0.382 0.382 0.382 0.382 0.382 0.382 0.382 0.382 0.381 0.383 0.384 0.384 0.384 0.384 0.384 0.384 0.384 0.384 0.384 0.383 0.382 0.382 0.382 0.390 0.388 0.386 0.385 0.387 0.387 0.385 0.383 0.384 0.385 0.385 0.385 0.385 0.385 0.385 0.385 0.385 0.385 0.385 0.385 0.385 0.385 0.385 0.385 0.383 0.383 0.386 0.385 0.387 0.387 0.387 0.386 0.386 0.387 0.387 0.390 0.396
0.382 0.382 0.382 0.382 0.382 0.382 0.382 0.382 0.382 0.382 0.382 0.382 0.382 0.382 0.382 0.382 0.382 0.382 0.382 0.382 0.382 0.382 0.382 0.382 0.384 0.384 0.384 0.384 0.384 0.384 0.384 0.384 0.384 0.384 0.382 0.382 0.381 0.389 0.388 0.387 0.385 0.385 0.387 0.387 0.386 0.386 0.387 0.385 0.385 0.385 0.387 0.387 0.386 0.386 0.386 0.385 0.385 0.385 0.385 0.385 0.385 0.385 0.383 0.383 0.389 0.387 0.387 0.387 0.389 0.388 0.390 0.394 0.404 0.411 0.416
0.382 0.382 0.382 0.382 0.382 0.381 0.382 0.382 0.383 0.383 0.382 0.382 0.382 0.382 0.382 0.382 0.382 0.382 0.382 0.382 0.382 0.382 0.383 0.383 0.384 0.384 0.384 0.384 0.384 0.384 0.384 0.384 0.384 0.384 0.382 0.381 0.388 0.389 0.386 0.386 0.387 0.387 0.387 0.387 0.387 0.388 0.386 0.385 0.385 0.385 0.387 0.389 0.390 0.389 0.390 0.390 0.387 0.386 0.385 0.385 0.385 0.385 0.385 0.385 0.392 0.392 0.388 0.392 0.400 0.405 0.409 0.411 0.415 0.417 0.418
-9999.000 -9999.000 0.382 0.382 0.382 0.382 0.382 0.381 0.383 0.383 0.382 0.382 0.382 0.382 0.382 0.382 0.382 0.382 0.382 0.382 0.382 0.382 0.383 0.384 0.384 0.384 0.384 0.384 0.384 0.384 0.384 0.384 0.384 0.384 0.382 0.382 0.392 0.388 0.386 0.386 0.387 0.387 0.388 0.387 0.387 0.387 0.386 0.386 0.387 0.386 0.387 0.388 0.392 0.392 0.392 0.393 0.392 0.390 0.387 0.385 0.385 0.385 0.385 0.385 0.395 0.402 0.398 0.407 0.413 0.414 0.415 0.416 0.416 0.417 0.417
-9999.000 -9999.000 -9999.000 -9999.000 0.382 0.382 0.382 0.382 0.382 0.382 0.381 0.381 0.382 0.382 0.382 0.382 0.382 0.382 0.383 0.383 0.382 0.381 0.384 0.384 0.384 0.384 0.384 0.384 0.384 0.384 0.384 0.384 0.382 0.382 0.382 0.384 0.390 0.388 0.388 0.388 0.388 0.388 0.388 0.388 0.388 0.387 0.388 0.388 0.386 0.385 0.387 0.390 0.393 0.396 0.395 0.396 0.397 0.396 0.392 0.386 0.385 0.385 0.387 0.389 0.401 0.408 0.409 0.414 0.417 0.417 0.418 0.418 0.418 0.418 0.417
-9999.000 -9999.000 -9999.000 -9999.000 -9999.000 -9999.000 -9999.000 0.382 0.382 0.382 0.382 0.382 0.382 0.381 0.381 0.382 0.382 0.382 0.383 0.383 0.381 0.383 0.384 0.384 0.384 0.384 0.384 0.384 0.384 0.384 0.384 0.384 0.382 0.381 0.383 0.393 0.390 0.389 0.389 0.389 0.389 0.388 0.388 0.388 0.388 0.388 0.387 0.387 0.386 0.386 0.388 0.389 0.394 0.399 0.400 0.398 0.401 0.402 0.399 0.398 0.396 0.397 0.401 0.403 0.407 0.413 0.414 0.416 0.416 0.417 0.417 0.418 0.421 0.426 0.432
-9999.000 -9999.000 -9999.000 -9999.000 -9999.000 -9999.000 -9999.000 -9999.000 -9999.000 -9999.000 0.382 0.382 0.382 0.382 0.382 0.382 0.383 0.383 0.383 0.384 0.384 0.384 0.384 0.384 0.384 0.384 0.384 0.384 0.384 0.384 0.384 0.384 0.382 0.380 0.390 0.391 0.390 0.390 0.390 0.389 0.389 0.389 0.389 0.388 0.388 0.388 0.388 0.387 0.388 0.388 0.386 0.388 0.393 0.398 0.403 0.403 0.403 0.406 0.406 0.405 0.404 0.405 0.409 0.412 0.414 0.415 0.415 0.416 0.415 0.418 0.425 0.436 0.443 0.448 0.451
-9999.000 -9999.000 -9999.000 -9999.000 -9999.000 -9999.000 -9999.000 -9999.000 -9999.000 -9999.000 -9999.000 -9999.000 -9999.000 0.382 0.382 0.382 0.384 0.384 0.384 0.384 0.384 0.384 0.384 0.384 0.384 0.384 0.384 0.384 0.384 0.384 0.384 0.384 0.382 0.381 0.396 0.390 0.390 0.390 0.390 0.390 0.389 0.389 0.389 0.389 0.388 0.388 0.388 0.387 0.387 0.388 0.387 0.386 0.388 0.397 0.403 0.407 0.407 0.408 0.410 0.411 0.413 0.413 0.414 0.414 0.414 0.415 0.417 0.424 0.431 0.442 0.449 0.451 0.451 0.451 0.451
-9999.000 -9999.000 -9999.000 -9999.000 -9999.000 -9999.000 -9999.000 -9999.000 -9999.000 -9999.000 -9999.000 -9999.000 -9999.000 -9999.000 -9999.000 0.382 0.382 0.382 0.382 0.382 0.384 0.384 0.384 0.384 0.384 0.384 0.384 0.384 0.384 0.384 0.384 0.384 0.381 0.381 0.390 0.389 0.390 0.390 0.390 0.390 0.390 0.389 0.389 0.389 0.389 0.388 0.388 0.388 0.386 0.386 0.383 0.386 0.387 0.394 0.405 0.409 0.410 0.410 0.412 0.413 0.414 0.415 0.413 0.411 0.419 0.431 0.442 0.450 0.453 0.454 0.453 0.453 0.452 0.452 0.453
