COT Code/vwc/VWCL0006N0001.asc
ncols         676
nrows         635
xllcorner     24483.000000
yllcorner     28694.204819
cellsize      5.000000
NODATA_value  -9999.0
[rows 528 to 560 of 635, columns 300 to 374 of 676]
0.369 0.369 0.370 0.374 0.371 0.369 0.370 0.371 0.372 0.372 0.371 0.371 0.364 0.367 0.370 0.374 0.379 0.382 0.385 0.387 0.391 0.393 0.397 0.401 0.406 0.411 0.414 0.417 0.417 0.417 0.419 0.417 0.413 0.409 0.405 0.403 0.402 0.401 0.410 0.439 0.455 0.456 0.456 0.456 0.456 0.456 0.456 0.456 0.456 0.456 0.456 0.456 0.456 0.456 0.455 0.437 0.414 0.394 0.384 0.376 0.376 0.380 0.387 0.401 0.431 0.454 0.451 0.439 0.426 0.411 0.393 0.388 0.393 0.396 0.396
0.369 0.368 0.369 0.368 0.367 0.367 0.367 0.367 0.367 0.367 0.365 0.359 0.361 0.365 0.369 0.373 0.377 0.380 0.384 0.388 0.392 0.393 0.396 0.399 0.403 0.407 0.410 0.412 0.411 0.409 0.411 0.414 0.412 0.409 0.404 0.401 0.398 0.396 0.394 0.397 0.418 0.448 0.456 0.456 0.456 0.456 0.456 0.456 0.456 0.456 0.456 0.456 0.456 0.456 0.455 0.447 0.437 0.430 0.442 0.407 0.378 0.379 0.380 0.385 0.415 0.450 0.454 0.451 0.444 0.430 0.418 0.400 0.387 0.388 0.394
0.369 0.369 0.365 0.363 0.364 0.364 0.364 0.364 0.362 0.359 0.354 0.355 0.358 0.363 0.367 0.371 0.384 0.385 0.387 0.390 0.393 0.393 0.393 0.395 0.401 0.405 0.407 0.408 0.406 0.404 0.403 0.404 0.408 0.407 0.404 0.400 0.396 0.393 0.391 0.389 0.388 0.399 0.431 0.453 0.456 0.456 0.456 0.456 0.456 0.456 0.456 0.456 0.456 0.456 0.456 0.454 0.451 0.451 0.454 0.431 0.402 0.386 0.382 0.384 0.400 0.424 0.441 0.453 0.454 0.449 0.433 0.424 0.414 0.390 0.385
0.371 0.361 0.349 0.349 0.349 0.351 0.352 0.351 0.350 0.349 0.349 0.349 0.350 0.356 0.362 0.372 0.392 0.390 0.391 0.392 0.393 0.393 0.394 0.396 0.404 0.405 0.405 0.404 0.403 0.402 0.400 0.399 0.399 0.403 0.401 0.399 0.396 0.391 0.388 0.385 0.383 0.382 0.386 0.411 0.443 0.454 0.456 0.456 0.456 0.456 0.456 0.456 0.456 0.456 0.456 0.456 0.456 0.456 0.454 0.443 0.430 0.420 0.421 0.416 0.429 0.432 0.435 0.440 0.445 0.453 0.453 0.443 0.431 0.421 0.404
0.350 0.349 0.349 0.349 0.349 0.349 0.349 0.349 0.349 0.349 0.349 0.349 0.349 0.352 0.359 0.378 0.393 0.392 0.392 0.393 0.394 0.394 0.395 0.396 0.405 0.405 0.404 0.402 0.402 0.401 0.400 0.399 0.399 0.399 0.398 0.397 0.394 0.391 0.387 0.383 0.380 0.378 0.376 0.377 0.393 0.425 0.448 0.455 0.456 0.456 0.456 0.456 0.456 0.456 0.456 0.456 0.456 0.456 0.455 0.451 0.446 0.446 0.455 0.456 0.455 0.451 0.447 0.436 0.433 0.441 0.447 0.454 0.451 0.436 0.424
0.349 0.349 0.349 0.349 0.349 0.349 0.349 0.349 0.349 0.349 0.349 0.349 0.349 0.356 0.356 0.373 0.394 0.393 0.393 0.394 0.395 0.395 0.395 0.396 0.402 0.405 0.403 0.401 0.401 0.400 0.400 0.400 0.400 0.399 0.398 0.396 0.394 0.390 0.386 0.383 0.379 0.376 0.374 0.372 0.370 0.379 0.402 0.435 0.452 0.456 0.454 0.449 0.452 0.455 0.456 0.456 0.456 0.456 0.456 0.455 0.454 0.455 0.455 0.456 0.456 0.456 0.454 0.451 0.447 0.444 0.436 0.440 0.452 0.454 0.444
0.349 0.349 0.349 0.349 0.349 0.349 0.349 0.349 0.349 0.349 0.349 0.349 0.349 0.354 0.355 0.364 0.387 0.391 0.393 0.395 0.395 0.396 0.396 0.397 0.399 0.402 0.403 0.401 0.400 0.400 0.399 0.399 0.400 0.400 0.398 0.397 0.396 0.393 0.386 0.381 0.378 0.374 0.371 0.369 0.368 0.365 0.366 0.377 0.404 0.429 0.423 0.428 0.439 0.451 0.456 0.456 0.456 0.456 0.456 0.456 0.455 0.455 0.456 0.455 0.455 0.455 0.455 0.455 0.455 0.453 0.446 0.436 0.433 0.443 0.454
0.349 0.349 0.349 0.349 0.349 0.349 0.349 0.349 0.349 0.349 0.349 0.349 0.349 0.353 0.353 0.359 0.382 0.390 0.393 0.395 0.396 0.396 0.397 0.398 0.399 0.401 0.402 0.400 0.399 0.399 0.398 0.397 0.396 0.398 0.399 0.399 0.398 0.397 0.390 0.380 0.376 0.373 0.371 0.368 0.366 0.365 0.363 0.361 0.365 0.372 0.379 0.395 0.419 0.443 0.456 0.456 0.455 0.456 0.456 0.456 0.456 0.455 0.455 0.455 0.455 0.455 0.455 0.455 0.455 0.455 0.454 0.451 0.447 0.436 0.438
0.349 0.349 0.349 0.349 0.349 0.349 0.349 0.349 0.349 0.349 0.349 0.349 0.349 0.354 0.353 0.358 0.381 0.391 0.394 0.396 0.396 0.397 0.397 0.398 0.399 0.400 0.401 0.400 0.398 0.396 0.397 0.396 0.396 0.397 0.398 0.399 0.399 0.398 0.393 0.381 0.373 0.371 0.369 0.367 0.365 0.364 0.363 0.363 0.364 0.365 0.367 0.370 0.386 0.429 0.453 0.445 0.446 0.452 0.455 0.456 0.455 0.455 0.455 0.455 0.455 0.454 0.454 0.454 0.454 0.455 0.455 0.455 0.454 0.451 0.440
0.349 0.349 0.349 0.349 0.349 0.349 0.349 0.349 0.349 0.349 0.349 0.349 0.349 0.352 0.354 0.362 0.384 0.394 0.396 0.396 0.396 0.397 0.397 0.398 0.399 0.400 0.401 0.400 0.395 0.394 0.393 0.395 0.395 0.397 0.398 0.398 0.399 0.399 0.397 0.387 0.367 0.365 0.368 0.366 0.365 0.363 0.361 0.362 0.363 0.365 0.366 0.364 0.366 0.379 0.402 0.416 0.428 0.442 0.454 0.456 0.456 0.455 0.455 0.455 0.454 0.454 0.454 0.454 0.454 0.454 0.454 0.455 0.455 0.455 0.453
0.349 0.349 0.349 0.349 0.349 0.349 0.349 0.349 0.349 0.349 0.349 0.349 0.349 0.351 0.355 0.381 0.398 0.397 0.396 0.396 0.396 0.396 0.397 0.398 0.398 0.399 0.400 0.400 0.395 0.394 0.394 0.394 0.393 0.395 0.398 0.398 0.399 0.399 0.398 0.387 0.361 0.353 0.359 0.363 0.363 0.362 0.360 0.361 0.362 0.364 0.364 0.363 0.361 0.365 0.370 0.379 0.398 0.427 0.454 0.456 0.456 0.456 0.455 0.455 0.455 0.454 0.454 0.453 0.453 0.453 0.453 0.454 0.454 0.455 0.455
0.349 0.349 0.349 0.349 0.349 0.349 0.349 0.349 0.349 0.349 0.349 0.349 0.349 0.352 0.356 0.380 0.398 0.396 0.395 0.395 0.395 0.396 0.396 0.397 0.398 0.398 0.399 0.400 0.396 0.393 0.393 0.396 0.395 0.397 0.398 0.398 0.399 0.399 0.398 0.386 0.360 0.349 0.349 0.352 0.359 0.360 0.359 0.358 0.362 0.363 0.364 0.363 0.362 0.363 0.368 0.371 0.376 0.420 0.453 0.456 0.456 0.456 0.456 0.455 0.455 0.454 0.454 0.454 0.453 0.452 0.452 0.453 0.453 0.454 0.455
0.349 0.349 0.349 0.349 0.349 0.349 0.349 0.349 0.349 0.349 0.349 0.349 0.349 0.353 0.356 0.384 0.397 0.394 0.393 0.393 0.393 0.394 0.395 0.396 0.397 0.397 0.398 0.400 0.398 0.395 0.395 0.397 0.397 0.397 0.397 0.399 0.399 0.399 0.399 0.388 0.359 0.349 0.349 0.349 0.354 0.358 0.359 0.358 0.361 0.361 0.363 0.363 0.362 0.364 0.368 0.369 0.370 0.403 0.442 0.451 0.453 0.456 0.456 0.456 0.455 0.455 0.454 0.454 0.454 0.452 0.452 0.452 0.452 0.452 0.453
0.349 0.349 0.349 0.349 0.349 0.349 0.349 0.349 0.349 0.349 0.349 0.349 0.349 0.352 0.356 0.383 0.396 0.390 0.389 0.390 0.391 0.392 0.394 0.395 0.396 0.397 0.398 0.400 0.399 0.396 0.396 0.396 0.397 0.397 0.398 0.399 0.399 0.399 0.399 0.387 0.357 0.349 0.349 0.349 0.352 0.355 0.357 0.358 0.359 0.358 0.361 0.362 0.362 0.364 0.366 0.366 0.359 0.358 0.393 0.421 0.446 0.452 0.454 0.456 0.456 0.455 0.454 0.454 0.453 0.453 0.452 0.451 0.451 0.451 0.452
0.349 0.349 0.349 0.349 0.349 0.349 0.349 0.349 0.349 0.349 0.349 0.349 0.349 0.351 0.355 0.375 0.393 0.384 0.384 0.386 0.388 0.390 0.392 0.393 0.395 0.396 0.398 0.400 0.399 0.396 0.395 0.395 0.396 0.397 0.398 0.398 0.399 0.399 0.399 0.384 0.354 0.349 0.349 0.349 0.349 0.354 0.357 0.358 0.356 0.357 0.359 0.361 0.362 0.364 0.365 0.363 0.349 0.349 0.349 0.373 0.406 0.436 0.449 0.452 0.454 0.455 0.455 0.454 0.454 0.453 0.453 0.452 0.451 0.450 0.451
0.349 0.349 0.349 0.349 0.349 0.349 0.349 0.349 0.349 0.349 0.349 0.349 0.349 0.352 0.354 0.360 0.377 0.374 0.377 0.382 0.385 0.388 0.390 0.392 0.394 0.395 0.396 0.400 0.399 0.394 0.394 0.395 0.396 0.397 0.398 0.398 0.399 0.399 0.399 0.383 0.353 0.349 0.349 0.349 0.350 0.355 0.356 0.356 0.355 0.355 0.357 0.360 0.362 0.363 0.363 0.355 0.349 0.349 0.349 0.349 0.354 0.388 0.418 0.442 0.450 0.452 0.454 0.455 0.454 0.453 0.453 0.452 0.451 0.450 0.450
0.349 0.349 0.349 0.349 0.349 0.349 0.349 0.349 0.349 0.349 0.349 0.349 0.349 0.353 0.354 0.357 0.362 0.365 0.370 0.377 0.382 0.386 0.389 0.391 0.394 0.394 0.396 0.399 0.398 0.394 0.394 0.395 0.396 0.397 0.397 0.398 0.399 0.399 0.399 0.381 0.353 0.349 0.349 0.349 0.352 0.354 0.355 0.354 0.354 0.353 0.356 0.359 0.361 0.360 0.359 0.349 0.349 0.349 0.349 0.349 0.349 0.349 0.367 0.403 0.429 0.446 0.449 0.452 0.454 0.454 0.453 0.452 0.452 0.451 0.450
0.349 0.349 0.349 0.349 0.349 0.349 0.349 0.349 0.349 0.349 0.349 0.349 0.349 0.351 0.353 0.356 0.360 0.365 0.370 0.376 0.382 0.385 0.388 0.391 0.393 0.393 0.393 0.399 0.398 0.395 0.395 0.396 0.396 0.397 0.398 0.398 0.399 0.399 0.400 0.372 0.349 0.349 0.349 0.349 0.352 0.353 0.354 0.352 0.352 0.353 0.356 0.358 0.360 0.359 0.351 0.349 0.349 0.349 0.349 0.349 0.349 0.349 0.349 0.349 0.383 0.414 0.436 0.447 0.449 0.452 0.453 0.452 0.452 0.451 0.450
0.349 0.349 0.349 0.349 0.349 0.349 0.349 0.349 0.349 0.349 0.349 0.349 0.349 0.351 0.352 0.356 0.360 0.365 0.371 0.377 0.383 0.385 0.388 0.391 0.393 0.390 0.393 0.399 0.399 0.395 0.395 0.396 0.397 0.397 0.398 0.398 0.399 0.399 0.399 0.369 0.349 0.349 0.349 0.350 0.352 0.353 0.352 0.351 0.351 0.352 0.356 0.358 0.357 0.355 0.349 0.349 0.349 0.349 0.349 0.349 0.349 0.349 0.349 0.349 0.349 0.361 0.395 0.423 0.442 0.447 0.450 0.452 0.452 0.451 0.450
0.349 0.349 0.349 0.349 0.349 0.349 0.349 0.349 0.349 0.349 0.349 0.349 0.349 0.350 0.352 0.356 0.360 0.365 0.370 0.376 0.381 0.386 0.390 0.392 0.392 0.391 0.394 0.399 0.399 0.396 0.396 0.396 0.397 0.397 0.398 0.398 0.399 0.399 0.398 0.366 0.349 0.349 0.349 0.350 0.352 0.351 0.350 0.349 0.350 0.353 0.355 0.356 0.355 0.349 0.349 0.349 0.349 0.349 0.349 0.349 0.349 0.349 0.349 0.349 0.349 0.349 0.349 0.374 0.405 0.430 0.444 0.447 0.450 0.451 0.450
0.349 0.349 0.349 0.349 0.349 0.349 0.349 0.349 0.349 0.349 0.349 0.349 0.349 0.349 0.352 0.356 0.360 0.365 0.370 0.375 0.380 0.384 0.389 0.393 0.396 0.395 0.396 0.397 0.398 0.398 0.397 0.397 0.397 0.398 0.398 0.399 0.400 0.400 0.396 0.364 0.349 0.349 0.349 0.350 0.351 0.349 0.349 0.349 0.350 0.353 0.355 0.354 0.353 0.349 0.349 0.349 0.349 0.349 0.349 0.349 0.349 0.349 0.349 0.349 0.349 0.349 0.349 0.349 0.349 0.385 0.420 0.439 0.445 0.448 0.449
0.349 0.349 0.349 0.349 0.349 0.349 0.349 0.349 0.349 0.349 0.349 0.349 0.349 0.349 0.353 0.356 0.359 0.364 0.369 0.373 0.378 0.382 0.387 0.391 0.396 0.399 0.398 0.398 0.398 0.398 0.398 0.398 0.398 0.398 0.399 0.399 0.400 0.401 0.389 0.353 0.349 0.349 0.349 0.350 0.349 0.349 0.349 0.349 0.350 0.353 0.353 0.353 0.349 0.349 0.349 0.349 0.349 0.349 0.349 0.349 0.349 0.349 0.349 0.349 0.349 0.349 0.349 0.349 0.349 0.349 0.363 0.398 0.426 0.443 0.445
0.349 0.349 0.349 0.349 0.349 0.349 0.349 0.349 0.349 0.349 0.349 0.349 0.349 0.349 0.349 0.355 0.359 0.363 0.368 0.372 0.376 0.380 0.384 0.388 0.393 0.397 0.399 0.399 0.399 0.399 0.399 0.399 0.399 0.399 0.399 0.399 0.400 0.391 0.365 0.349 0.349 0.349 0.349 0.349 0.349 0.349 0.349 0.349 0.350 0.352 0.351 0.352 0.349 0.349 0.349 0.349 0.349 0.349 0.349 0.349 0.349 0.349 0.349 0.349 0.349 0.349 0.349 0.349 0.349 0.349 0.349 0.349 0.377 0.411 0.435
0.349 0.349 0.349 0.349 0.349 0.349 0.349 0.349 0.349 0.349 0.349 0.349 0.349 0.349 0.349 0.349 0.359 0.363 0.366 0.370 0.374 0.377 0.381 0.385 0.389 0.394 0.397 0.399 0.399 0.399 0.399 0.399 0.399 0.399 0.399 0.400 0.398 0.379 0.349 0.349 0.349 0.349 0.349 0.349 0.349 0.349 0.349 0.349 0.349 0.350 0.350 0.349 0.349 0.349 0.349 0.349 0.349 0.349 0.349 0.349 0.349 0.349 0.349 0.349 0.349 0.349 0.349 0.349 0.349 0.349 0.349 0.349 0.349 0.353 0.387
0.349 0.349 0.349 0.349 0.349 0.349 0.349 0.349 0.349 0.349 0.349 0.349 0.349 0.349 0.349 0.349 0.349 0.362 0.365 0.368 0.371 0.375 0.378 0.382 0.386 0.390 0.394 0.397 0.399 0.399 0.399 0.399 0.399 0.398 0.399 0.397 0.383 0.364 0.349 0.349 0.349 0.349 0.349 0.349 0.349 0.349 0.349 0.349 0.349 0.349 0.349 0.349 0.349 0.349 0.349 0.349 0.349 0.349 0.349 0.349 0.349 0.349 0.349 0.349 0.349 0.349 0.349 0.349 0.349 0.349 0.349 0.349 0.349 0.349 0.349
0.349 0.349 0.349 0.349 0.349 0.349 0.349 0.349 0.349 0.349 0.349 0.349 0.349 0.349 0.349 0.349 0.349 0.355 0.363 0.365 0.368 0.371 0.375 0.379 0.383 0.387 0.391 0.395 0.399 0.399 0.399 0.399 0.399 0.399 0.395 0.381 0.365 0.349 0.349 0.349 0.349 0.349 0.349 0.349 0.349 0.349 0.349 0.349 0.349 0.349 0.349 0.349 0.349 0.349 0.349 0.349 0.349 0.349 0.349 0.349 0.349 0.349 0.349 0.349 0.349 0.349 0.349 0.349 0.349 0.349 0.349 0.349 0.349 0.349 0.349
0.349 0.349 0.349 0.349 0.349 0.349 0.349 0.349 0.349 0.349 0.349 0.349 0.349 0.349 0.349 0.349 0.349 0.349 0.353 0.363 0.365 0.368 0.371 0.375 0.379 0.383 0.388 0.394 0.398 0.400 0.399 0.398 0.399 0.399 0.390 0.368 0.349 0.349 0.349 0.349 0.349 0.349 0.349 0.349 0.349 0.349 0.349 0.349 0.349 0.349 0.349 0.349 0.349 0.349 0.349 0.349 0.349 0.349 0.349 0.349 0.349 0.349 0.349 0.349 0.349 0.349 0.349 0.349 0.349 0.349 0.349 0.349 0.349 0.349 0.349
0.349 0.349 0.349 0.349 0.349 0.349 0.349 0.349 0.349 0.349 0.349 0.349 0.349 0.349 0.349 0.349 0.349 0.349 0.349 0.354 0.364 0.365 0.368 0.371 0.375 0.379 0.385 0.392 0.399 0.400 0.400 0.399 0.399 0.398 0.382 0.358 0.349 0.349 0.349 0.349 0.349 0.349 0.349 0.349 0.349 0.349 0.349 0.349 0.349 0.349 0.349 0.349 0.349 0.349 0.349 0.349 0.349 0.349 0.349 0.349 0.349 0.349 0.349 0.349 0.349 0.349 0.349 0.349 0.349 0.349 0.349 0.349 0.349 0.349 0.349
0.349 0.349 0.349 0.349 0.349 0.349 0.349 0.349 0.349 0.349 0.349 0.349 0.349 0.349 0.349 0.349 0.349 0.349 0.349 0.349 0.355 0.363 0.365 0.367 0.370 0.374 0.380 0.391 0.400 0.400 0.399 0.400 0.398 0.385 0.367 0.349 0.349 0.349 0.349 0.349 0.349 0.349 0.349 0.349 0.349 0.349 0.349 0.349 0.349 0.349 0.349 0.349 0.349 0.349 0.349 0.349 0.349 0.349 0.349 0.349 0.349 0.349 0.349 0.349 0.349 0.349 0.349 0.349 0.349 0.349 0.349 0.349 0.349 0.349 0.349
0.349 0.349 0.349 0.349 0.349 0.349 0.349 0.349 0.349 0.349 0.349 0.349 0.349 0.349 0.349 0.349 0.349 0.349 0.349 0.349 0.349 0.355 0.362 0.363 0.364 0.366 0.369 0.387 0.399 0.395 0.393 0.397 0.390 0.368 0.349 0.349 0.349 0.349 0.349 0.349 0.349 0.349 0.349 0.349 0.349 0.349 0.349 0.349 0.349 0.349 0.349 0.349 0.349 0.349 0.349 0.349 0.349 0.349 0.349 0.349 0.349 0.349 0.349 0.349 0.349 0.349 0.349 0.349 0.349 0.349 0.349 0.349 0.349 0.349 0.349
0.349 0.349 0.349 0.349 0.349 0.349 0.349 0.349 0.349 0.349 0.349 0.349 0.349 0.349 0.349 0.349 0.349 0.349 0.349 0.349 0.349 0.349 0.355 0.361 0.362 0.362 0.363 0.375 0.389 0.386 0.388 0.383 0.370 0.349 0.349 0.349 0.349 0.349 0.349 0.349 0.349 0.349 0.349 0.349 0.349 0.349 0.349 0.349 0.349 0.349 0.349 0.349 0.349 0.349 0.349 0.349 0.349 0.349 0.349 0.349 0.349 0.349 0.349 0.349 0.349 0.349 0.349 0.349 0.349 0.349 0.349 0.349 0.349 0.349 0.349
0.349 0.349 0.349 0.349 0.349 0.349 0.349 0.349 0.349 0.349 0.349 0.349 0.349 0.349 0.349 0.349 0.349 0.349 0.349 0.349 0.349 0.349 0.349 0.354 0.361 0.362 0.365 0.371 0.376 0.380 0.374 0.364 0.349 0.349 0.349 0.349 0.349 0.349 0.349 0.349 0.349 0.349 0.349 0.349 0.349 0.349 0.349 0.349 0.349 0.349 0.349 0.349 0.349 0.349 0.349 0.349 0.349 0.349 0.349 0.349 0.349 0.349 0.349 0.349 0.349 0.349 0.349 0.349 0.349 0.349 0.349 0.349 0.349 0.349 0.349
0.349 0.349 0.349 0.349 0.349 0.349 0.349 0.349 0.349 0.349 0.349 0.349 0.349 0.349 0.349 0.349 0.349 0.349 0.349 0.349 0.349 0.349 0.349 0.349 0.352 0.355 0.357 0.366 0.371 0.367 0.360 0.350 0.349 0.349 0.349 0.349 0.349 0.349 0.349 0.349 0.349 0.349 0.349 0.349 0.349 0.349 0.349 0.349 0.349 0.349 0.349 0.349 0.349 0.349 0.349 0.349 0.349 0.349 0.349 0.349 0.349 0.349 0.349 0.349 0.349 0.349 0.349 0.349 0.349 0.349 0.349 0.349 0.349 0.349 0.349
