COT Code/vwc/VWCL0004N0001.asc
ncols         676
nrows         635
xllcorner     24483.000000
yllcorner     28694.204819
cellsize      5.000000
NODATA_value  -9999.0
[rows 198 to 230 of 635, columns 225 to 299 of 676]
0.448 0.449 0.449 0.449 0.449 0.449 0.448 0.448 0.448 0.447 0.448 0.448 0.449 0.450 0.450 0.450 0.451 0.451 0.452 0.452 0.452 0.453 0.453 0.453 0.454 0.454 0.454 0.454 0.454 0.453 0.450 0.448 0.443 0.427 0.405 0.388 0.378 0.376 0.370 0.366 0.366 0.367 0.368 0.369 0.369 0.369 0.355 0.349 0.349 0.349 0.349 0.349 0.349 0.349 0.349 0.349 0.349 0.349 0.349 0.349 0.349 0.349 0.349 0.349 0.349 0.349 0.349 0.349 0.349 0.349 0.349 0.349 0.349 0.349 0.349
0.446 0.447 0.448 0.448 0.449 0.449 0.448 0.447 0.447 0.446 0.447 0.448 0.445 0.448 0.448 0.448 0.450 0.450 0.451 0.451 0.452 0.452 0.453 0.453 0.452 0.454 0.454 0.454 0.454 0.454 0.454 0.452 0.449 0.446 0.423 0.406 0.389 0.382 0.377 0.372 0.365 0.367 0.368 0.368 0.367 0.367 0.354 0.349 0.349 0.349 0.349 0.349 0.349 0.349 0.349 0.349 0.349 0.349 0.349 0.349 0.349 0.349 0.349 0.349 0.349 0.349 0.349 0.349 0.349 0.349 0.349 0.349 0.349 0.349 0.349
0.447 0.448 0.448 0.448 0.448 0.448 0.447 0.446 0.446 0.446 0.447 0.448 0.444 0.448 0.448 0.448 0.448 0.448 0.450 0.451 0.451 0.452 0.452 0.453 0.451 0.451 0.451 0.453 0.454 0.454 0.454 0.453 0.452 0.451 0.438 0.422 0.409 0.393 0.384 0.377 0.368 0.364 0.366 0.363 0.366 0.365 0.350 0.349 0.349 0.349 0.349 0.349 0.349 0.349 0.349 0.349 0.349 0.349 0.349 0.349 0.349 0.349 0.349 0.349 0.349 0.349 0.349 0.349 0.349 0.349 0.349 0.349 0.349 0.349 0.349
0.447 0.447 0.448 0.448 0.448 0.447 0.447 0.445 0.445 0.446 0.447 0.448 0.447 0.448 0.448 0.447 0.447 0.448 0.448 0.449 0.450 0.451 0.452 0.452 0.450 0.449 0.449 0.449 0.452 0.454 0.454 0.454 0.454 0.453 0.451 0.437 0.425 0.409 0.394 0.382 0.374 0.368 0.361 0.354 0.352 0.355 0.360 0.357 0.354 0.354 0.353 0.354 0.355 0.356 0.354 0.354 0.356 0.357 0.356 0.350 0.349 0.349 0.349 0.349 0.349 0.349 0.349 0.349 0.349 0.349 0.349 0.349 0.349 0.349 0.349
0.447 0.447 0.447 0.447 0.447 0.447 0.448 0.447 0.446 0.446 0.447 0.448 0.448 0.447 0.447 0.446 0.446 0.446 0.447 0.448 0.450 0.451 0.452 0.452 0.448 0.447 0.447 0.446 0.450 0.451 0.451 0.453 0.454 0.454 0.453 0.450 0.441 0.427 0.413 0.395 0.383 0.378 0.375 0.375 0.376 0.377 0.377 0.377 0.376 0.376 0.377 0.378 0.377 0.376 0.375 0.375 0.376 0.376 0.375 0.368 0.349 0.349 0.349 0.349 0.349 0.349 0.349 0.349 0.349 0.349 0.349 0.349 0.349 0.349 0.349
0.445 0.446 0.447 0.447 0.447 0.447 0.448 0.448 0.447 0.447 0.447 0.448 0.448 0.448 0.448 0.447 0.446 0.446 0.447 0.448 0.449 0.451 0.451 0.451 0.448 0.448 0.447 0.447 0.449 0.448 0.447 0.451 0.454 0.454 0.454 0.453 0.451 0.444 0.430 0.414 0.396 0.383 0.380 0.380 0.380 0.380 0.380 0.380 0.380 0.380 0.380 0.379 0.379 0.379 0.379 0.378 0.377 0.377 0.377 0.371 0.349 0.349 0.349 0.349 0.349 0.349 0.349 0.349 0.349 0.349 0.349 0.349 0.349 0.349 0.349
0.444 0.445 0.445 0.446 0.447 0.447 0.446 0.447 0.447 0.446 0.446 0.447 0.447 0.448 0.448 0.448 0.446 0.447 0.447 0.449 0.448 0.451 0.451 0.451 0.449 0.449 0.449 0.449 0.449 0.448 0.449 0.450 0.452 0.453 0.454 0.454 0.453 0.451 0.445 0.430 0.412 0.394 0.380 0.379 0.379 0.379 0.379 0.379 0.379 0.379 0.379 0.379 0.378 0.378 0.378 0.377 0.377 0.377 0.376 0.370 0.349 0.349 0.349 0.349 0.349 0.349 0.349 0.349 0.349 0.349 0.349 0.349 0.349 0.349 0.349
0.444 0.444 0.443 0.444 0.444 0.445 0.445 0.446 0.446 0.446 0.445 0.446 0.446 0.446 0.447 0.446 0.446 0.447 0.448 0.448 0.449 0.451 0.451 0.451 0.448 0.448 0.449 0.449 0.449 0.450 0.450 0.450 0.450 0.450 0.452 0.454 0.454 0.453 0.451 0.445 0.428 0.409 0.389 0.380 0.379 0.379 0.379 0.378 0.378 0.378 0.378 0.378 0.378 0.378 0.377 0.377 0.377 0.377 0.376 0.372 0.359 0.353 0.350 0.349 0.349 0.349 0.349 0.349 0.349 0.349 0.349 0.349 0.349 0.349 0.350
0.447 0.447 0.447 0.446 0.446 0.445 0.445 0.445 0.444 0.444 0.444 0.445 0.445 0.446 0.446 0.446 0.446 0.447 0.448 0.448 0.449 0.451 0.452 0.451 0.448 0.448 0.448 0.448 0.447 0.447 0.448 0.449 0.449 0.449 0.450 0.452 0.454 0.454 0.453 0.451 0.441 0.423 0.403 0.383 0.378 0.378 0.378 0.378 0.378 0.379 0.379 0.379 0.379 0.379 0.379 0.377 0.377 0.377 0.377 0.377 0.376 0.375 0.373 0.370 0.366 0.363 0.358 0.354 0.350 0.349 0.349 0.349 0.349 0.352 0.356
0.447 0.447 0.447 0.447 0.447 0.447 0.447 0.447 0.448 0.447 0.447 0.446 0.446 0.446 0.445 0.446 0.446 0.447 0.448 0.448 0.448 0.449 0.451 0.449 0.447 0.447 0.447 0.447 0.447 0.447 0.447 0.447 0.448 0.448 0.449 0.450 0.452 0.454 0.454 0.452 0.449 0.437 0.418 0.392 0.379 0.379 0.378 0.378 0.379 0.379 0.380 0.380 0.380 0.381 0.380 0.379 0.378 0.378 0.377 0.378 0.377 0.377 0.377 0.376 0.376 0.375 0.374 0.372 0.370 0.367 0.366 0.366 0.367 0.366 0.365
0.448 0.448 0.448 0.448 0.448 0.447 0.447 0.447 0.447 0.448 0.448 0.448 0.448 0.448 0.448 0.447 0.447 0.448 0.449 0.449 0.449 0.450 0.450 0.448 0.446 0.446 0.446 0.447 0.447 0.447 0.447 0.447 0.447 0.448 0.449 0.450 0.450 0.452 0.453 0.454 0.452 0.448 0.434 0.410 0.391 0.389 0.386 0.382 0.381 0.380 0.380 0.381 0.382 0.382 0.382 0.382 0.381 0.379 0.377 0.378 0.383 0.387 0.386 0.382 0.380 0.377 0.374 0.374 0.372 0.371 0.370 0.369 0.369 0.372 0.374
0.448 0.448 0.448 0.448 0.448 0.448 0.447 0.447 0.447 0.447 0.448 0.447 0.448 0.447 0.448 0.448 0.448 0.448 0.449 0.449 0.449 0.450 0.450 0.448 0.447 0.447 0.447 0.446 0.446 0.447 0.447 0.447 0.447 0.448 0.449 0.449 0.450 0.450 0.453 0.454 0.453 0.452 0.445 0.427 0.406 0.405 0.404 0.402 0.399 0.394 0.388 0.384 0.383 0.382 0.382 0.382 0.382 0.381 0.380 0.384 0.401 0.410 0.411 0.405 0.395 0.389 0.385 0.384 0.383 0.382 0.381 0.379 0.378 0.376 0.383
0.448 0.448 0.448 0.448 0.447 0.448 0.448 0.447 0.448 0.447 0.447 0.448 0.448 0.448 0.448 0.448 0.448 0.448 0.448 0.449 0.449 0.450 0.449 0.447 0.447 0.447 0.447 0.447 0.447 0.448 0.448 0.448 0.447 0.447 0.448 0.448 0.449 0.450 0.450 0.453 0.453 0.453 0.451 0.443 0.424 0.417 0.417 0.419 0.420 0.421 0.414 0.407 0.404 0.398 0.396 0.395 0.393 0.390 0.391 0.402 0.419 0.424 0.424 0.423 0.416 0.407 0.401 0.394 0.392 0.391 0.388 0.384 0.381 0.382 0.395
0.449 0.449 0.449 0.448 0.448 0.448 0.448 0.448 0.448 0.448 0.448 0.448 0.448 0.449 0.449 0.448 0.448 0.449 0.449 0.450 0.450 0.450 0.449 0.447 0.447 0.447 0.448 0.448 0.448 0.448 0.448 0.449 0.449 0.449 0.449 0.448 0.450 0.450 0.450 0.451 0.451 0.454 0.453 0.451 0.440 0.429 0.429 0.429 0.432 0.434 0.435 0.432 0.430 0.427 0.425 0.424 0.421 0.419 0.422 0.431 0.429 0.429 0.427 0.425 0.425 0.422 0.416 0.408 0.400 0.397 0.394 0.389 0.393 0.407 0.417
0.449 0.449 0.449 0.449 0.449 0.449 0.449 0.449 0.448 0.449 0.449 0.449 0.449 0.449 0.449 0.449 0.449 0.449 0.450 0.450 0.450 0.450 0.449 0.447 0.447 0.447 0.447 0.449 0.449 0.449 0.449 0.449 0.450 0.450 0.450 0.450 0.450 0.450 0.451 0.451 0.451 0.454 0.454 0.453 0.450 0.440 0.439 0.440 0.443 0.444 0.446 0.446 0.446 0.447 0.448 0.447 0.447 0.444 0.447 0.450 0.445 0.442 0.434 0.432 0.427 0.425 0.423 0.416 0.411 0.406 0.402 0.398 0.406 0.429 0.434
0.449 0.449 0.449 0.449 0.449 0.449 0.449 0.449 0.449 0.449 0.449 0.449 0.449 0.449 0.449 0.449 0.449 0.449 0.449 0.448 0.449 0.450 0.448 0.447 0.447 0.447 0.447 0.448 0.449 0.449 0.450 0.449 0.450 0.450 0.450 0.450 0.450 0.450 0.451 0.452 0.453 0.454 0.454 0.454 0.453 0.448 0.446 0.449 0.450 0.450 0.452 0.455 0.455 0.455 0.454 0.454 0.455 0.454 0.453 0.454 0.453 0.452 0.451 0.452 0.448 0.437 0.437 0.434 0.434 0.430 0.428 0.424 0.427 0.436 0.438
0.449 0.449 0.450 0.450 0.449 0.448 0.447 0.447 0.448 0.449 0.449 0.449 0.449 0.450 0.450 0.450 0.450 0.450 0.450 0.450 0.450 0.450 0.448 0.447 0.447 0.447 0.447 0.448 0.448 0.449 0.450 0.449 0.450 0.450 0.450 0.450 0.450 0.450 0.451 0.451 0.452 0.453 0.453 0.454 0.453 0.453 0.451 0.453 0.455 0.455 0.456 0.456 0.456 0.456 0.456 0.456 0.456 0.456 0.456 0.456 0.456 0.456 0.455 0.454 0.454 0.442 0.439 0.439 0.439 0.439 0.439 0.439 0.439 0.439 0.438
0.441 0.443 0.446 0.448 0.450 0.450 0.450 0.450 0.450 0.450 0.450 0.450 0.450 0.450 0.450 0.450 0.450 0.450 0.450 0.450 0.450 0.450 0.448 0.447 0.447 0.446 0.446 0.446 0.448 0.449 0.449 0.449 0.450 0.450 0.450 0.450 0.450 0.451 0.451 0.451 0.451 0.452 0.453 0.454 0.454 0.453 0.453 0.454 0.456 0.456 0.456 0.456 0.456 0.456 0.456 0.456 0.456 0.456 0.456 0.456 0.456 0.456 0.456 0.455 0.453 0.439 0.438 0.438 0.438 0.438 0.438 0.438 0.438 0.438 0.438
0.433 0.434 0.434 0.435 0.436 0.438 0.440 0.444 0.444 0.448 0.450 0.450 0.450 0.451 0.451 0.451 0.451 0.451 0.451 0.450 0.450 0.450 0.447 0.447 0.447 0.446 0.445 0.445 0.446 0.447 0.448 0.449 0.449 0.450 0.450 0.450 0.450 0.451 0.451 0.450 0.451 0.451 0.451 0.455 0.455 0.455 0.453 0.453 0.456 0.456 0.456 0.456 0.456 0.456 0.456 0.456 0.456 0.456 0.456 0.456 0.456 0.456 0.456 0.456 0.455 0.440 0.437 0.436 0.437 0.438 0.438 0.438 0.438 0.438 0.438
0.431 0.432 0.432 0.432 0.432 0.432 0.433 0.432 0.432 0.433 0.435 0.437 0.441 0.445 0.445 0.448 0.449 0.450 0.451 0.450 0.450 0.450 0.447 0.447 0.447 0.447 0.447 0.447 0.448 0.449 0.449 0.449 0.449 0.450 0.450 0.449 0.450 0.450 0.449 0.450 0.451 0.451 0.450 0.453 0.455 0.455 0.454 0.456 0.456 0.456 0.456 0.456 0.456 0.456 0.456 0.456 0.456 0.456 0.456 0.456 0.456 0.456 0.456 0.456 0.456 0.442 0.437 0.437 0.436 0.436 0.437 0.438 0.437 0.437 0.437
0.431 0.431 0.431 0.431 0.431 0.431 0.431 0.432 0.432 0.431 0.431 0.432 0.431 0.432 0.432 0.433 0.434 0.436 0.439 0.441 0.443 0.446 0.448 0.449 0.449 0.449 0.449 0.448 0.448 0.449 0.449 0.450 0.450 0.451 0.451 0.451 0.451 0.450 0.449 0.449 0.450 0.450 0.450 0.452 0.455 0.455 0.455 0.455 0.456 0.456 0.456 0.456 0.456 0.456 0.456 0.456 0.456 0.456 0.456 0.456 0.456 0.456 0.456 0.456 0.455 0.442 0.438 0.435 0.435 0.435 0.434 0.434 0.436 0.437 0.437
0.433 0.433 0.432 0.432 0.431 0.431 0.430 0.432 0.432 0.432 0.432 0.432 0.432 0.432 0.432 0.432 0.432 0.432 0.432 0.432 0.433 0.433 0.436 0.438 0.440 0.442 0.444 0.445 0.447 0.448 0.449 0.450 0.450 0.450 0.451 0.451 0.451 0.451 0.450 0.450 0.449 0.450 0.450 0.452 0.455 0.455 0.455 0.456 0.455 0.456 0.456 0.456 0.456 0.456 0.455 0.456 0.456 0.456 0.456 0.456 0.456 0.456 0.456 0.456 0.455 0.441 0.440 0.437 0.435 0.435 0.434 0.434 0.435 0.436 0.436
0.435 0.435 0.434 0.435 0.436 0.435 0.433 0.435 0.435 0.434 0.433 0.433 0.433 0.433 0.434 0.433 0.432 0.433 0.433 0.432 0.432 0.431 0.429 0.430 0.431 0.432 0.434 0.436 0.438 0.439 0.440 0.442 0.444 0.445 0.447 0.450 0.451 0.451 0.451 0.451 0.450 0.450 0.450 0.453 0.455 0.455 0.455 0.456 0.456 0.456 0.456 0.456 0.456 0.456 0.456 0.455 0.456 0.456 0.456 0.456 0.456 0.456 0.456 0.456 0.455 0.441 0.440 0.439 0.437 0.435 0.435 0.435 0.435 0.435 0.435
0.437 0.436 0.437 0.438 0.439 0.439 0.438 0.440 0.439 0.436 0.436 0.438 0.438 0.438 0.438 0.436 0.435 0.435 0.433 0.432 0.432 0.432 0.431 0.430 0.429 0.429 0.429 0.430 0.433 0.434 0.433 0.433 0.435 0.437 0.439 0.441 0.445 0.447 0.450 0.452 0.452 0.451 0.451 0.453 0.455 0.456 0.456 0.455 0.456 0.456 0.456 0.456 0.456 0.456 0.456 0.456 0.455 0.456 0.456 0.456 0.456 0.456 0.456 0.456 0.455 0.441 0.439 0.439 0.438 0.437 0.436 0.436 0.436 0.435 0.436
0.438 0.437 0.437 0.439 0.441 0.441 0.441 0.440 0.440 0.439 0.438 0.441 0.445 0.448 0.451 0.450 0.444 0.442 0.440 0.437 0.436 0.434 0.434 0.433 0.432 0.431 0.431 0.430 0.432 0.433 0.431 0.430 0.431 0.432 0.433 0.434 0.435 0.438 0.442 0.447 0.451 0.452 0.451 0.454 0.455 0.456 0.456 0.456 0.456 0.456 0.456 0.456 0.456 0.456 0.456 0.456 0.456 0.455 0.456 0.456 0.456 0.456 0.456 0.456 0.454 0.441 0.439 0.438 0.438 0.438 0.437 0.436 0.436 0.436 0.436
0.440 0.438 0.440 0.442 0.442 0.444 0.444 0.443 0.441 0.441 0.440 0.441 0.446 0.453 0.455 0.455 0.453 0.450 0.449 0.447 0.446 0.444 0.442 0.440 0.437 0.436 0.434 0.433 0.433 0.433 0.433 0.433 0.432 0.432 0.433 0.433 0.433 0.433 0.435 0.438 0.442 0.447 0.452 0.454 0.455 0.456 0.456 0.456 0.456 0.456 0.456 0.456 0.456 0.456 0.456 0.456 0.456 0.456 0.455 0.456 0.456 0.456 0.456 0.456 0.453 0.440 0.439 0.439 0.438 0.438 0.438 0.437 0.436 0.435 0.435
0.441 0.441 0.441 0.443 0.443 0.443 0.444 0.444 0.444 0.442 0.441 0.441 0.446 0.454 0.455 0.455 0.454 0.449 0.449 0.447 0.447 0.447 0.447 0.448 0.448 0.447 0.446 0.444 0.442 0.440 0.439 0.438 0.437 0.435 0.434 0.435 0.435 0.434 0.434 0.434 0.435 0.437 0.442 0.450 0.454 0.455 0.456 0.456 0.456 0.456 0.456 0.456 0.456 0.456 0.456 0.456 0.456 0.456 0.456 0.455 0.456 0.456 0.456 0.456 0.453 0.442 0.440 0.439 0.438 0.438 0.438 0.438 0.437 0.435 0.435
0.442 0.442 0.442 0.443 0.443 0.443 0.443 0.444 0.444 0.444 0.444 0.446 0.448 0.455 0.456 0.456 0.453 0.449 0.449 0.448 0.447 0.447 0.447 0.447 0.447 0.447 0.448 0.448 0.447 0.447 0.447 0.447 0.447 0.446 0.443 0.440 0.438 0.436 0.435 0.434 0.434 0.434 0.436 0.440 0.447 0.453 0.456 0.456 0.456 0.455 0.456 0.456 0.456 0.456 0.456 0.456 0.456 0.456 0.456 0.455 0.455 0.456 0.456 0.456 0.455 0.454 0.453 0.453 0.451 0.450 0.448 0.446 0.444 0.441 0.438
0.442 0.442 0.443 0.443 0.442 0.441 0.443 0.444 0.445 0.446 0.447 0.451 0.452 0.455 0.456 0.456 0.452 0.449 0.450 0.448 0.448 0.447 0.447 0.447 0.447 0.447 0.448 0.448 0.447 0.446 0.447 0.447 0.448 0.447 0.448 0.448 0.446 0.444 0.439 0.436 0.435 0.436 0.436 0.437 0.440 0.449 0.453 0.456 0.455 0.454 0.455 0.455 0.456 0.456 0.456 0.456 0.456 0.456 0.456 0.456 0.455 0.455 0.456 0.456 0.455 0.455 0.455 0.455 0.455 0.455 0.455 0.455 0.455 0.454 0.453
0.443 0.443 0.443 0.443 0.443 0.443 0.443 0.444 0.445 0.446 0.448 0.451 0.452 0.455 0.456 0.456 0.452 0.450 0.449 0.447 0.447 0.447 0.447 0.447 0.447 0.447 0.447 0.448 0.446 0.446 0.445 0.446 0.447 0.449 0.448 0.447 0.449 0.449 0.448 0.442 0.438 0.436 0.437 0.438 0.440 0.445 0.449 0.456 0.453 0.454 0.454 0.455 0.456 0.456 0.456 0.456 0.455 0.456 0.456 0.456 0.456 0.456 0.455 0.456 0.455 0.455 0.455 0.455 0.455 0.455 0.455 0.455 0.455 0.455 0.454
0.444 0.444 0.443 0.443 0.443 0.443 0.443 0.444 0.445 0.446 0.449 0.452 0.454 0.456 0.456 0.455 0.451 0.451 0.449 0.447 0.447 0.447 0.447 0.447 0.447 0.447 0.447 0.447 0.445 0.445 0.445 0.445 0.446 0.448 0.449 0.449 0.449 0.449 0.449 0.450 0.446 0.440 0.437 0.439 0.442 0.445 0.447 0.450 0.449 0.452 0.453 0.454 0.455 0.456 0.455 0.456 0.456 0.456 0.456 0.456 0.456 0.456 0.456 0.455 0.455 0.455 0.455 0.455 0.455 0.455 0.455 0.455 0.455 0.455 0.455
0.444 0.444 0.444 0.443 0.443 0.444 0.443 0.444 0.445 0.447 0.449 0.452 0.454 0.456 0.456 0.455 0.450 0.451 0.450 0.449 0.450 0.450 0.450 0.450 0.449 0.449 0.448 0.448 0.447 0.447 0.447 0.447 0.447 0.448 0.449 0.450 0.451 0.451 0.451 0.451 0.451 0.448 0.442 0.440 0.443 0.446 0.447 0.448 0.448 0.450 0.452 0.453 0.455 0.455 0.456 0.456 0.456 0.456 0.456 0.456 0.456 0.456 0.456 0.455 0.455 0.455 0.455 0.455 0.455 0.455 0.455 0.455 0.455 0.455 0.455
0.445 0.445 0.444 0.444 0.444 0.444 0.444 0.443 0.444 0.445 0.448 0.452 0.455 0.456 0.456 0.455 0.451 0.450 0.450 0.450 0.451 0.451 0.451 0.450 0.449 0.449 0.448 0.448 0.448 0.448 0.448 0.449 0.449 0.449 0.449 0.449 0.449 0.450 0.451 0.451 0.451 0.451 0.450 0.444 0.441 0.444 0.446 0.447 0.448 0.449 0.451 0.453 0.454 0.455 0.456 0.456 0.456 0.456 0.456 0.456 0.456 0.456 0.456 0.456 0.455 0.455 0.455 0.455 0.455 0.455 0.455 0.455 0.455 0.455 0.455
