COT Code/vwc/VWCL0006N0001.asc
ncols         676
nrows         635
xllcorner     24483.000000
yllcorner     28694.204819
cellsize      5.000000
NODATA_value  -9999.0
[rows 132 to 164 of 635, columns 225 to 299 of 676]
0.414 0.400 0.374 0.361 0.349 0.349 0.349 0.349 0.349 0.349 0.349 0.349 0.349 0.349 0.349 0.349 0.349 0.349 0.349 0.349 0.375 0.379 0.380 0.380 0.385 0.391 0.392 0.390 0.396 0.399 0.425 0.452 0.456 0.456 0.456 0.456 0.456 0.456 0.456 0.456 0.456 0.456 0.456 0.456 0.456 0.456 0.456 0.453 0.451 0.448 0.443 0.436 0.433 0.431 0.431 0.430 0.425 0.415 0.407 0.395 0.386 0.377 0.358 0.354 0.352 0.352 0.351 0.351 0.352 -9999.000 -9999.000 -9999.000 -9999.000 -9999.000 -9999.000
0.414 0.397 0.374 0.361 0.349 0.349 0.349 0.349 0.349 0.349 0.349 0.349 0.349 0.349 0.349 0.349 0.349 0.349 0.349 0.349 0.373 0.375 0.378 0.379 0.385 0.388 0.387 0.387 0.392 0.395 0.412 0.447 0.456 0.456 0.456 0.456 0.456 0.456 0.456 0.456 0.456 0.456 0.456 0.456 0.456 0.456 0.456 0.456 0.451 0.446 0.444 0.438 0.432 0.431 0.429 0.424 0.418 0.411 0.403 0.394 0.385 0.373 0.357 0.354 0.352 0.351 0.351 0.351 0.354 0.349 0.349 -9999.000 -9999.000 -9999.000 -9999.000
0.414 0.397 0.373 0.360 0.350 0.349 0.349 0.349 0.349 0.349 0.349 0.349 0.349 0.349 0.349 0.349 0.349 0.349 0.349 0.349 0.372 0.370 0.371 0.371 0.376 0.382 0.382 0.385 0.387 0.393 0.410 0.443 0.456 0.456 0.456 0.456 0.456 0.456 0.456 0.456 0.456 0.456 0.456 0.456 0.456 0.456 0.456 0.456 0.456 0.448 0.441 0.438 0.436 0.433 0.433 0.428 0.420 0.411 0.402 0.393 0.385 0.369 0.359 0.357 0.354 0.351 0.351 0.351 0.355 0.349 0.349 0.349 0.349 -9999.000 -9999.000
0.415 0.394 0.371 0.361 0.350 0.349 0.349 0.349 0.349 0.349 0.349 0.349 0.349 0.349 0.349 0.349 0.349 0.349 0.349 0.349 0.370 0.368 0.369 0.369 0.371 0.378 0.380 0.382 0.385 0.390 0.407 0.442 0.456 0.456 0.456 0.456 0.456 0.456 0.456 0.456 0.456 0.456 0.456 0.456 0.456 0.456 0.456 0.456 0.456 0.453 0.439 0.436 0.435 0.435 0.435 0.431 0.423 0.410 0.401 0.390 0.381 0.365 0.359 0.357 0.354 0.352 0.351 0.352 0.354 0.349 0.349 0.349 0.349 0.349 0.349
0.416 0.393 0.372 0.362 0.352 0.349 0.349 0.349 0.349 0.349 0.349 0.349 0.349 0.349 0.349 0.349 0.349 0.349 0.349 0.351 0.365 0.367 0.367 0.369 0.378 0.378 0.379 0.381 0.383 0.390 0.414 0.442 0.454 0.456 0.456 0.456 0.456 0.456 0.456 0.456 0.456 0.456 0.456 0.456 0.456 0.456 0.456 0.456 0.456 0.452 0.438 0.436 0.435 0.434 0.434 0.432 0.426 0.409 0.401 0.383 0.374 0.362 0.358 0.357 0.354 0.352 0.352 0.353 0.351 0.349 0.349 0.349 0.349 0.349 0.349
0.415 0.393 0.372 0.363 0.354 0.349 0.349 0.349 0.349 0.349 0.349 0.349 0.349 0.349 0.349 0.349 0.349 0.349 0.349 0.353 0.361 0.362 0.364 0.372 0.378 0.378 0.379 0.380 0.384 0.402 0.431 0.446 0.453 0.456 0.456 0.456 0.456 0.456 0.456 0.456 0.456 0.456 0.456 0.456 0.456 0.456 0.456 0.456 0.456 0.449 0.437 0.436 0.436 0.435 0.434 0.433 0.431 0.409 0.397 0.379 0.369 0.360 0.357 0.357 0.355 0.353 0.352 0.355 0.349 0.349 0.349 0.349 0.349 0.349 0.349
0.417 0.391 0.375 0.370 0.360 0.351 0.349 0.349 0.349 0.349 0.349 0.349 0.349 0.349 0.349 0.349 0.349 0.349 0.349 0.357 0.363 0.362 0.365 0.376 0.376 0.378 0.379 0.380 0.389 0.420 0.442 0.450 0.456 0.456 0.456 0.456 0.456 0.456 0.456 0.456 0.456 0.456 0.456 0.456 0.456 0.456 0.456 0.456 0.456 0.444 0.436 0.436 0.436 0.436 0.435 0.434 0.430 0.408 0.397 0.377 0.363 0.359 0.357 0.357 0.356 0.355 0.353 0.355 0.349 0.349 0.349 0.349 0.349 0.349 0.349
0.418 0.394 0.385 0.386 0.380 0.365 0.349 0.349 0.349 0.349 0.349 0.349 0.349 0.349 0.349 0.349 0.349 0.349 0.349 0.361 0.362 0.364 0.375 0.377 0.377 0.378 0.378 0.381 0.395 0.423 0.438 0.450 0.456 0.456 0.456 0.456 0.456 0.456 0.456 0.456 0.456 0.456 0.456 0.456 0.456 0.456 0.456 0.456 0.454 0.438 0.436 0.435 0.436 0.436 0.436 0.436 0.431 0.408 0.396 0.375 0.361 0.362 0.363 0.359 0.357 0.356 0.354 0.357 0.349 0.349 0.349 0.349 0.349 0.349 0.349
0.418 0.398 0.396 0.399 0.388 0.368 0.354 0.349 0.349 0.349 0.349 0.349 0.349 0.349 0.349 0.349 0.349 0.349 0.349 0.362 0.363 0.373 0.377 0.377 0.377 0.377 0.379 0.384 0.400 0.423 0.437 0.450 0.456 0.456 0.456 0.456 0.456 0.456 0.456 0.456 0.456 0.456 0.456 0.456 0.456 0.456 0.456 0.456 0.450 0.437 0.435 0.435 0.435 0.436 0.435 0.435 0.428 0.407 0.391 0.372 0.365 0.366 0.364 0.363 0.359 0.355 0.354 0.357 0.349 0.349 0.349 0.349 0.349 0.349 0.349
0.419 0.406 0.399 0.390 0.380 0.374 0.365 0.351 0.349 0.349 0.349 0.349 0.349 0.349 0.349 0.349 0.349 0.349 0.349 0.362 0.372 0.377 0.377 0.377 0.377 0.376 0.379 0.393 0.415 0.431 0.444 0.453 0.456 0.456 0.456 0.456 0.456 0.456 0.456 0.456 0.456 0.456 0.456 0.456 0.456 0.456 0.456 0.456 0.449 0.437 0.435 0.435 0.435 0.435 0.435 0.433 0.426 0.406 0.388 0.370 0.365 0.366 0.364 0.363 0.361 0.357 0.354 0.357 0.349 0.349 0.349 0.349 0.349 0.349 0.349
0.420 0.402 0.399 0.384 0.374 0.373 0.365 0.351 0.349 0.349 0.349 0.349 0.349 0.349 0.349 0.349 0.349 0.349 0.349 0.356 0.374 0.377 0.377 0.377 0.377 0.377 0.381 0.405 0.425 0.437 0.447 0.453 0.456 0.456 0.456 0.456 0.456 0.456 0.456 0.456 0.456 0.456 0.456 0.456 0.456 0.456 0.456 0.456 0.455 0.446 0.438 0.436 0.435 0.435 0.435 0.433 0.423 0.404 0.384 0.368 0.365 0.367 0.365 0.363 0.360 0.357 0.355 0.357 0.349 0.349 0.349 0.349 0.349 0.349 0.349
0.421 0.405 0.401 0.390 0.375 0.373 0.367 0.352 0.349 0.349 0.349 0.349 0.349 0.349 0.349 0.349 0.349 0.349 0.349 0.350 0.361 0.373 0.377 0.377 0.377 0.377 0.388 0.415 0.429 0.438 0.444 0.454 0.456 0.456 0.456 0.456 0.456 0.456 0.456 0.456 0.456 0.456 0.456 0.456 0.456 0.456 0.456 0.456 0.456 0.456 0.449 0.439 0.436 0.435 0.434 0.434 0.422 0.402 0.383 0.366 0.365 0.367 0.366 0.364 0.361 0.357 0.355 0.356 0.349 0.349 0.349 0.349 0.349 0.349 0.349
0.421 0.406 0.400 0.390 0.380 0.375 0.370 0.356 0.351 0.349 0.349 0.349 0.349 0.349 0.349 0.349 0.349 0.349 0.349 0.354 0.360 0.369 0.376 0.378 0.377 0.379 0.397 0.422 0.434 0.441 0.447 0.455 0.456 0.456 0.456 0.456 0.456 0.456 0.456 0.456 0.456 0.456 0.456 0.456 0.456 0.456 0.456 0.456 0.456 0.455 0.445 0.440 0.439 0.438 0.433 0.429 0.417 0.399 0.378 0.365 0.367 0.367 0.365 0.363 0.362 0.357 0.356 0.356 0.349 0.349 0.349 0.349 0.349 0.349 0.349
0.419 0.408 0.403 0.394 0.386 0.381 0.374 0.363 0.359 0.355 0.350 0.349 0.349 0.349 0.349 0.349 0.349 0.349 0.351 0.359 0.366 0.373 0.378 0.380 0.380 0.386 0.408 0.426 0.439 0.448 0.453 0.456 0.456 0.456 0.456 0.456 0.456 0.456 0.456 0.456 0.456 0.456 0.456 0.456 0.456 0.456 0.456 0.456 0.456 0.456 0.446 0.440 0.440 0.439 0.427 0.421 0.414 0.396 0.376 0.369 0.367 0.366 0.365 0.364 0.362 0.357 0.356 0.356 0.349 0.349 0.349 0.349 0.349 0.349 0.349
0.424 0.416 0.408 0.390 0.386 0.384 0.380 0.373 0.368 0.362 0.356 0.351 0.349 0.350 0.351 0.351 0.352 0.357 0.362 0.369 0.376 0.382 0.387 0.388 0.387 0.401 0.421 0.433 0.444 0.452 0.454 0.456 0.456 0.456 0.456 0.456 0.456 0.456 0.456 0.456 0.456 0.456 0.456 0.456 0.456 0.456 0.456 0.456 0.456 0.456 0.454 0.450 0.442 0.437 0.427 0.421 0.414 0.392 0.373 0.369 0.367 0.366 0.364 0.364 0.362 0.357 0.356 0.356 0.349 0.349 0.349 0.349 0.349 0.349 0.349
0.427 0.422 0.406 0.389 0.386 0.385 0.382 0.378 0.375 0.368 0.361 0.356 0.357 0.355 0.353 0.355 0.362 0.368 0.372 0.380 0.387 0.392 0.398 0.402 0.405 0.417 0.432 0.444 0.449 0.453 0.455 0.456 0.456 0.456 0.456 0.456 0.456 0.456 0.456 0.456 0.456 0.456 0.456 0.456 0.456 0.456 0.456 0.456 0.456 0.456 0.455 0.452 0.446 0.436 0.425 0.421 0.411 0.389 0.370 0.366 0.366 0.365 0.364 0.363 0.362 0.358 0.356 0.355 0.349 0.349 0.349 0.349 0.349 0.349 0.349
0.430 0.425 0.409 0.392 0.387 0.387 0.386 0.391 0.395 0.380 0.370 0.365 0.368 0.362 0.360 0.361 0.367 0.377 0.380 0.389 0.396 0.403 0.409 0.418 0.423 0.428 0.434 0.445 0.452 0.455 0.456 0.456 0.456 0.456 0.456 0.456 0.456 0.456 0.456 0.456 0.456 0.456 0.456 0.456 0.456 0.456 0.456 0.456 0.456 0.456 0.455 0.451 0.447 0.438 0.428 0.422 0.407 0.386 0.368 0.363 0.365 0.365 0.364 0.363 0.362 0.358 0.357 0.354 0.349 0.349 0.349 0.349 0.349 0.349 0.349
0.433 0.430 0.422 0.408 0.396 0.390 0.392 0.396 0.399 0.387 0.384 0.382 0.374 0.364 0.362 0.362 0.372 0.386 0.390 0.399 0.406 0.410 0.423 0.435 0.435 0.436 0.440 0.446 0.452 0.456 0.456 0.456 0.456 0.456 0.456 0.456 0.456 0.456 0.456 0.456 0.456 0.456 0.456 0.456 0.456 0.456 0.456 0.456 0.456 0.456 0.455 0.450 0.446 0.438 0.430 0.422 0.403 0.383 0.368 0.365 0.365 0.365 0.363 0.362 0.362 0.357 0.357 0.354 0.349 0.349 0.349 0.349 0.349 0.349 0.349
0.440 0.433 0.430 0.424 0.411 0.400 0.399 0.399 0.400 0.392 0.392 0.390 0.386 0.381 0.379 0.384 0.389 0.394 0.399 0.407 0.414 0.423 0.438 0.439 0.439 0.441 0.445 0.449 0.454 0.456 0.456 0.456 0.456 0.456 0.456 0.456 0.456 0.456 0.456 0.456 0.456 0.456 0.456 0.456 0.456 0.456 0.456 0.456 0.456 0.456 0.455 0.449 0.445 0.436 0.429 0.422 0.403 0.379 0.369 0.365 0.366 0.366 0.365 0.364 0.361 0.359 0.357 0.353 0.349 0.349 0.349 0.349 0.349 0.349 0.349
0.449 0.436 0.434 0.431 0.422 0.416 0.408 0.403 0.402 0.401 0.400 0.399 0.398 0.397 0.395 0.396 0.399 0.404 0.409 0.415 0.422 0.437 0.440 0.439 0.441 0.445 0.450 0.454 0.456 0.456 0.456 0.456 0.456 0.455 0.455 0.456 0.456 0.456 0.456 0.456 0.456 0.456 0.456 0.456 0.456 0.456 0.456 0.456 0.455 0.453 0.451 0.447 0.445 0.435 0.429 0.421 0.402 0.377 0.369 0.366 0.366 0.366 0.365 0.364 0.361 0.360 0.358 0.355 0.349 0.349 0.349 0.349 0.349 0.349 0.349
0.456 0.443 0.438 0.436 0.431 0.425 0.416 0.410 0.408 0.406 0.404 0.403 0.403 0.407 0.411 0.408 0.411 0.415 0.419 0.424 0.428 0.436 0.441 0.442 0.446 0.450 0.454 0.456 0.456 0.456 0.456 0.456 0.456 0.455 0.455 0.456 0.456 0.456 0.455 0.456 0.456 0.456 0.456 0.456 0.456 0.456 0.456 0.456 0.453 0.449 0.444 0.445 0.445 0.437 0.430 0.419 0.395 0.374 0.369 0.366 0.365 0.364 0.364 0.364 0.362 0.360 0.359 0.359 0.357 0.355 0.351 0.349 0.349 0.349 0.349
0.456 0.451 0.445 0.440 0.438 0.435 0.429 0.426 0.429 0.426 0.419 0.413 0.409 0.409 0.416 0.422 0.423 0.425 0.428 0.432 0.435 0.439 0.443 0.449 0.452 0.455 0.456 0.456 0.456 0.456 0.456 0.456 0.456 0.455 0.455 0.455 0.456 0.456 0.456 0.456 0.456 0.456 0.456 0.456 0.456 0.456 0.455 0.452 0.447 0.444 0.443 0.444 0.445 0.439 0.429 0.414 0.390 0.368 0.364 0.362 0.361 0.362 0.362 0.364 0.361 0.360 0.360 0.360 0.360 0.359 0.357 0.358 0.349 0.349 0.349
0.456 0.456 0.451 0.448 0.444 0.441 0.440 0.440 0.440 0.440 0.439 0.436 0.433 0.423 0.423 0.430 0.434 0.436 0.437 0.440 0.443 0.447 0.451 0.453 0.455 0.456 0.456 0.456 0.456 0.456 0.456 0.456 0.455 0.455 0.455 0.455 0.456 0.456 0.456 0.456 0.456 0.456 0.456 0.456 0.456 0.455 0.452 0.448 0.445 0.445 0.444 0.444 0.442 0.439 0.431 0.412 0.385 0.369 0.365 0.361 0.361 0.360 0.361 0.364 0.363 0.361 0.360 0.361 0.361 0.359 0.358 0.360 0.349 0.349 0.349
0.456 0.456 0.456 0.453 0.450 0.446 0.444 0.443 0.443 0.443 0.442 0.442 0.442 0.439 0.438 0.439 0.442 0.444 0.445 0.447 0.451 0.454 0.455 0.456 0.456 0.456 0.456 0.456 0.456 0.456 0.456 0.456 0.455 0.455 0.455 0.455 0.456 0.456 0.456 0.456 0.456 0.456 0.456 0.456 0.455 0.450 0.445 0.445 0.445 0.444 0.444 0.444 0.442 0.437 0.431 0.408 0.381 0.369 0.367 0.363 0.363 0.362 0.363 0.365 0.362 0.361 0.360 0.361 0.360 0.360 0.359 0.359 0.349 0.349 0.349
0.456 0.456 0.456 0.456 0.455 0.451 0.452 0.453 0.450 0.449 0.448 0.447 0.445 0.446 0.448 0.449 0.450 0.451 0.452 0.454 0.455 0.456 0.456 0.456 0.456 0.456 0.456 0.456 0.456 0.456 0.455 0.455 0.455 0.455 0.455 0.455 0.456 0.456 0.456 0.456 0.456 0.456 0.456 0.456 0.451 0.445 0.444 0.444 0.444 0.443 0.443 0.444 0.442 0.436 0.424 0.403 0.378 0.369 0.368 0.366 0.365 0.365 0.364 0.365 0.363 0.362 0.361 0.361 0.360 0.360 0.360 0.361 0.349 0.349 0.349
0.456 0.456 0.456 0.456 0.456 0.456 0.456 0.456 0.456 0.456 0.456 0.456 0.455 0.455 0.455 0.454 0.455 0.456 0.456 0.456 0.456 0.456 0.456 0.456 0.456 0.456 0.456 0.456 0.456 0.455 0.455 0.455 0.455 0.455 0.455 0.455 0.455 0.456 0.456 0.456 0.456 0.456 0.456 0.453 0.448 0.444 0.443 0.442 0.442 0.441 0.442 0.442 0.438 0.433 0.419 0.395 0.377 0.370 0.369 0.367 0.367 0.366 0.365 0.365 0.365 0.364 0.361 0.361 0.360 0.360 0.359 0.361 0.349 0.349 0.349
0.455 0.456 0.456 0.456 0.456 0.456 0.456 0.456 0.456 0.456 0.456 0.456 0.456 0.456 0.456 0.456 0.456 0.456 0.456 0.456 0.456 0.456 0.456 0.456 0.456 0.456 0.456 0.456 0.456 0.455 0.455 0.455 0.455 0.455 0.455 0.455 0.455 0.455 0.456 0.456 0.456 0.456 0.456 0.452 0.447 0.442 0.441 0.441 0.440 0.438 0.438 0.437 0.433 0.430 0.418 0.389 0.371 0.369 0.368 0.367 0.366 0.365 0.366 0.364 0.364 0.363 0.362 0.361 0.360 0.359 0.359 0.358 0.349 0.349 0.349
0.455 0.455 0.455 0.455 0.456 0.456 0.456 0.456 0.456 0.456 0.456 0.456 0.456 0.456 0.456 0.456 0.456 0.456 0.456 0.456 0.456 0.456 0.456 0.456 0.456 0.455 0.455 0.455 0.455 0.455 0.455 0.455 0.455 0.455 0.455 0.455 0.455 0.456 0.456 0.456 0.456 0.456 0.455 0.451 0.446 0.442 0.440 0.440 0.440 0.437 0.437 0.437 0.431 0.419 0.408 0.383 0.366 0.366 0.367 0.366 0.365 0.365 0.365 0.362 0.362 0.362 0.362 0.361 0.360 0.360 0.359 0.359 0.360 0.361 0.361
0.455 0.455 0.455 0.455 0.455 0.456 0.456 0.456 0.456 0.456 0.456 0.456 0.456 0.456 0.456 0.456 0.456 0.456 0.456 0.456 0.455 0.455 0.455 0.455 0.455 0.455 0.455 0.455 0.455 0.455 0.455 0.455 0.455 0.455 0.455 0.455 0.455 0.455 0.456 0.456 0.456 0.456 0.456 0.452 0.447 0.443 0.440 0.439 0.437 0.436 0.436 0.431 0.416 0.407 0.398 0.375 0.365 0.365 0.365 0.365 0.365 0.364 0.364 0.362 0.362 0.362 0.362 0.361 0.361 0.360 0.359 0.359 0.360 0.361 0.362
0.455 0.455 0.455 0.455 0.455 0.455 0.455 0.455 0.455 0.455 0.455 0.456 0.456 0.456 0.456 0.456 0.456 0.456 0.456 0.456 0.455 0.455 0.455 0.455 0.455 0.455 0.455 0.455 0.455 0.455 0.455 0.455 0.455 0.455 0.455 0.455 0.455 0.456 0.456 0.456 0.456 0.456 0.455 0.451 0.445 0.440 0.438 0.437 0.436 0.436 0.425 0.410 0.405 0.402 0.390 0.371 0.365 0.365 0.364 0.363 0.363 0.363 0.364 0.363 0.363 0.362 0.362 0.362 0.361 0.360 0.359 0.359 0.361 0.361 0.361
0.455 0.455 0.455 0.455 0.455 0.455 0.455 0.455 0.455 0.455 0.455 0.455 0.456 0.456 0.455 0.456 0.456 0.456 0.456 0.455 0.455 0.455 0.455 0.455 0.455 0.455 0.455 0.455 0.455 0.455 0.455 0.455 0.455 0.455 0.455 0.455 0.456 0.456 0.456 0.456 0.456 0.456 0.455 0.450 0.442 0.434 0.432 0.434 0.434 0.419 0.407 0.402 0.399 0.397 0.384 0.368 0.365 0.364 0.363 0.362 0.362 0.362 0.363 0.363 0.363 0.362 0.363 0.362 0.361 0.361 0.360 0.360 0.362 0.362 0.362
0.455 0.455 0.455 0.455 0.455 0.455 0.455 0.455 0.455 0.455 0.455 0.456 0.456 0.455 0.455 0.455 0.455 0.456 0.455 0.455 0.455 0.455 0.455 0.455 0.455 0.455 0.455 0.455 0.455 0.455 0.455 0.455 0.455 0.455 0.455 0.456 0.456 0.456 0.456 0.456 0.456 0.456 0.456 0.451 0.441 0.432 0.423 0.421 0.416 0.406 0.401 0.397 0.394 0.392 0.378 0.366 0.364 0.364 0.363 0.362 0.361 0.360 0.362 0.362 0.361 0.363 0.363 0.362 0.362 0.361 0.361 0.361 0.363 0.363 0.363
0.455 0.455 0.455 0.455 0.455 0.455 0.455 0.455 0.455 0.455 0.455 0.455 0.455 0.455 0.455 0.455 0.455 0.455 0.455 0.455 0.455 0.455 0.455 0.455 0.455 0.455 0.455 0.455 0.455 0.455 0.455 0.455 0.455 0.455 0.456 0.456 0.456 0.456 0.456 0.456 0.456 0.456 0.456 0.448 0.442 0.428 0.419 0.409 0.406 0.401 0.397 0.393 0.389 0.387 0.371 0.364 0.364 0.364 0.363 0.362 0.361 0.360 0.360 0.362 0.362 0.363 0.363 0.363 0.362 0.362 0.361 0.362 0.364 0.364 0.363
