COT Code/vwc/VWCL0005N0048.asc
ncols         676
nrows         635
xllcorner     24483.000000
yllcorner     28694.204819
cellsize      5.000000
NODATA_value  -9999.0
[rows 231 to 263 of 635, columns 0 to 74 of 676]
-9999.000 -9999.000 -9999.000 -9999.000 -9999.000 -9999.000 -9999.000 -9999.000 -9999.000 -9999.000 -9999.000 -9999.000 -9999.000 -9999.000 -9999.000 0.456 0.456 0.452 0.452 0.452 0.452 0.451 0.453 0.453 0.453 0.453 0.453 0.453 0.452 0.451 0.450 0.450 0.450 0.450 0.448 0.438 0.424 0.423 0.424 0.424 0.424 0.424 0.423 0.423 0.423 0.422 0.423 0.426 0.434 0.440 0.436 0.434 0.432 0.432 0.432 0.431 0.438 0.442 0.441 0.441 0.441 0.442 0.441 0.441 0.441 0.441 0.439 0.439 0.439 0.440 0.439 0.439 0.441 0.450 0.451
-9999.000 -9999.000 -9999.000 -9999.000 -9999.000 -9999.000 -9999.000 -9999.000 -9999.000 -9999.000 -9999.000 -9999.000 -9999.000 -9999.000 0.455 0.455 0.455 0.452 0.452 0.452 0.451 0.451 0.452 0.452 0.453 0.453 0.453 0.452 0.452 0.452 0.450 0.450 0.450 0.451 0.448 0.438 0.424 0.423 0.424 0.424 0.424 0.424 0.423 0.423 0.423 0.423 0.424 0.423 0.425 0.433 0.437 0.433 0.432 0.430 0.431 0.430 0.438 0.443 0.441 0.441 0.441 0.442 0.442 0.442 0.442 0.441 0.440 0.439 0.440 0.440 0.440 0.440 0.441 0.450 0.451
-9999.000 -9999.000 -9999.000 -9999.000 -9999.000 -9999.000 -9999.000 -9999.000 -9999.000 -9999.000 -9999.000 -9999.000 -9999.000 -9999.000 0.455 0.455 0.455 0.452 0.452 0.451 0.451 0.451 0.451 0.452 0.452 0.452 0.452 0.452 0.452 0.452 0.450 0.450 0.450 0.451 0.448 0.437 0.425 0.424 0.424 0.424 0.424 0.424 0.424 0.424 0.423 0.423 0.423 0.423 0.423 0.426 0.434 0.434 0.431 0.430 0.429 0.429 0.436 0.444 0.443 0.442 0.442 0.441 0.442 0.442 0.442 0.442 0.441 0.441 0.441 0.441 0.441 0.440 0.441 0.450 0.451
-9999.000 -9999.000 -9999.000 -9999.000 -9999.000 -9999.000 -9999.000 -9999.000 -9999.000 -9999.000 -9999.000 -9999.000 -9999.000 -9999.000 0.455 0.455 0.454 0.452 0.452 0.451 0.451 0.451 0.452 0.452 0.452 0.452 0.452 0.452 0.452 0.452 0.450 0.450 0.450 0.451 0.448 0.437 0.425 0.424 0.424 0.424 0.424 0.424 0.424 0.424 0.423 0.423 0.423 0.423 0.423 0.423 0.429 0.434 0.431 0.429 0.428 0.429 0.432 0.441 0.444 0.443 0.442 0.442 0.442 0.442 0.442 0.442 0.441 0.442 0.441 0.441 0.441 0.441 0.441 0.450 0.452
-9999.000 -9999.000 -9999.000 -9999.000 -9999.000 -9999.000 -9999.000 -9999.000 -9999.000 -9999.000 -9999.000 -9999.000 -9999.000 -9999.000 0.454 0.454 0.453 0.451 0.451 0.451 0.451 0.451 0.452 0.452 0.452 0.452 0.452 0.452 0.452 0.451 0.450 0.450 0.450 0.451 0.448 0.437 0.424 0.423 0.424 0.424 0.424 0.424 0.424 0.424 0.424 0.424 0.423 0.423 0.424 0.423 0.424 0.432 0.431 0.428 0.427 0.427 0.432 0.440 0.444 0.444 0.444 0.442 0.442 0.441 0.441 0.441 0.441 0.441 0.441 0.441 0.441 0.441 0.442 0.447 0.451
-9999.000 -9999.000 -9999.000 -9999.000 -9999.000 -9999.000 -9999.000 -9999.000 -9999.000 -9999.000 -9999.000 -9999.000 -9999.000 -9999.000 0.454 0.454 0.453 0.451 0.452 0.451 0.451 0.451 0.452 0.452 0.452 0.452 0.452 0.452 0.452 0.451 0.450 0.451 0.450 0.451 0.448 0.437 0.424 0.423 0.424 0.424 0.424 0.424 0.424 0.424 0.424 0.424 0.423 0.423 0.424 0.424 0.423 0.428 0.431 0.428 0.427 0.427 0.429 0.441 0.445 0.444 0.444 0.443 0.442 0.441 0.441 0.441 0.442 0.441 0.441 0.441 0.441 0.441 0.440 0.445 0.450
-9999.000 -9999.000 -9999.000 -9999.000 -9999.000 -9999.000 -9999.000 -9999.000 -9999.000 -9999.000 -9999.000 -9999.000 -9999.000 -9999.000 0.453 0.453 0.453 0.452 0.452 0.452 0.451 0.451 0.451 0.452 0.452 0.452 0.452 0.452 0.451 0.450 0.451 0.450 0.450 0.451 0.448 0.437 0.424 0.424 0.424 0.424 0.424 0.424 0.424 0.424 0.424 0.424 0.423 0.423 0.424 0.424 0.423 0.425 0.430 0.427 0.427 0.426 0.426 0.436 0.441 0.442 0.442 0.442 0.442 0.441 0.441 0.441 0.441 0.441 0.441 0.441 0.441 0.441 0.441 0.442 0.449
-9999.000 -9999.000 -9999.000 -9999.000 -9999.000 -9999.000 -9999.000 -9999.000 -9999.000 -9999.000 -9999.000 -9999.000 -9999.000 -9999.000 0.453 0.453 0.453 0.452 0.452 0.452 0.451 0.451 0.451 0.452 0.452 0.452 0.452 0.452 0.452 0.451 0.451 0.450 0.451 0.451 0.448 0.437 0.424 0.424 0.424 0.425 0.424 0.424 0.424 0.424 0.424 0.424 0.423 0.423 0.424 0.424 0.423 0.424 0.428 0.427 0.426 0.426 0.426 0.428 0.430 0.431 0.433 0.435 0.436 0.437 0.437 0.438 0.440 0.441 0.442 0.442 0.442 0.442 0.444 0.448 0.451
-9999.000 -9999.000 -9999.000 -9999.000 -9999.000 -9999.000 -9999.000 -9999.000 -9999.000 -9999.000 -9999.000 -9999.000 -9999.000 -9999.000 0.452 0.452 0.452 0.452 0.452 0.452 0.452 0.452 0.452 0.452 0.452 0.452 0.452 0.452 0.452 0.451 0.451 0.451 0.451 0.451 0.448 0.436 0.424 0.425 0.425 0.425 0.424 0.424 0.424 0.424 0.424 0.424 0.424 0.424 0.424 0.424 0.423 0.424 0.428 0.426 0.426 0.425 0.426 0.428 0.432 0.432 0.433 0.433 0.435 0.437 0.437 0.439 0.442 0.442 0.442 0.442 0.442 0.441 0.449 0.452 0.452
-9999.000 -9999.000 -9999.000 -9999.000 -9999.000 -9999.000 -9999.000 -9999.000 -9999.000 -9999.000 -9999.000 -9999.000 -9999.000 -9999.000 0.452 0.452 0.452 0.452 0.452 0.452 0.452 0.452 0.452 0.452 0.452 0.452 0.452 0.452 0.452 0.452 0.451 0.451 0.451 0.451 0.448 0.436 0.424 0.425 0.425 0.425 0.424 0.424 0.424 0.424 0.424 0.424 0.424 0.424 0.424 0.424 0.424 0.424 0.427 0.426 0.425 0.425 0.426 0.427 0.432 0.432 0.432 0.432 0.435 0.437 0.439 0.442 0.443 0.443 0.442 0.442 0.442 0.442 0.450 0.452 0.452
-9999.000 -9999.000 -9999.000 -9999.000 -9999.000 -9999.000 -9999.000 -9999.000 -9999.000 -9999.000 -9999.000 -9999.000 -9999.000 -9999.000 0.452 0.452 0.452 0.452 0.452 0.452 0.452 0.452 0.452 0.452 0.452 0.452 0.452 0.452 0.452 0.452 0.450 0.451 0.451 0.452 0.448 0.436 0.424 0.425 0.425 0.425 0.424 0.424 0.424 0.424 0.424 0.424 0.424 0.424 0.424 0.424 0.424 0.424 0.426 0.425 0.425 0.425 0.425 0.427 0.432 0.432 0.433 0.433 0.435 0.439 0.443 0.445 0.445 0.443 0.443 0.445 0.446 0.448 0.452 0.452 0.452
-9999.000 -9999.000 -9999.000 -9999.000 -9999.000 -9999.000 -9999.000 -9999.000 -9999.000 -9999.000 -9999.000 -9999.000 -9999.000 -9999.000 0.452 0.452 0.452 0.452 0.452 0.452 0.452 0.452 0.453 0.452 0.453 0.453 0.452 0.452 0.452 0.452 0.451 0.451 0.451 0.452 0.448 0.432 0.424 0.425 0.425 0.425 0.425 0.425 0.425 0.424 0.424 0.424 0.424 0.424 0.424 0.424 0.424 0.424 0.426 0.425 0.425 0.425 0.425 0.427 0.432 0.432 0.433 0.434 0.436 0.439 0.443 0.445 0.445 0.444 0.444 0.447 0.449 0.451 0.452 0.452 0.452
-9999.000 -9999.000 -9999.000 -9999.000 -9999.000 -9999.000 -9999.000 -9999.000 -9999.000 -9999.000 -9999.000 -9999.000 -9999.000 -9999.000 0.451 0.452 0.450 0.447 0.448 0.448 0.449 0.449 0.448 0.448 0.449 0.449 0.450 0.449 0.449 0.449 0.449 0.449 0.449 0.449 0.439 0.429 0.426 0.425 0.425 0.425 0.425 0.425 0.425 0.424 0.424 0.424 0.424 0.424 0.424 0.424 0.423 0.423 0.426 0.425 0.425 0.425 0.424 0.427 0.433 0.432 0.433 0.435 0.436 0.438 0.442 0.444 0.444 0.444 0.446 0.447 0.449 0.451 0.451 0.452 0.452
-9999.000 -9999.000 -9999.000 -9999.000 -9999.000 -9999.000 -9999.000 -9999.000 -9999.000 -9999.000 -9999.000 -9999.000 -9999.000 -9999.000 0.451 0.451 0.450 0.440 0.437 0.436 0.438 0.437 0.436 0.436 0.436 0.438 0.438 0.437 0.437 0.438 0.437 0.437 0.436 0.437 0.434 0.430 0.427 0.426 0.426 0.425 0.425 0.425 0.424 0.424 0.424 0.424 0.424 0.424 0.424 0.424 0.423 0.424 0.425 0.425 0.425 0.425 0.424 0.428 0.433 0.432 0.433 0.436 0.436 0.439 0.441 0.445 0.445 0.444 0.446 0.449 0.450 0.451 0.451 0.452 0.452
-9999.000 -9999.000 -9999.000 -9999.000 -9999.000 -9999.000 -9999.000 -9999.000 -9999.000 -9999.000 -9999.000 -9999.000 -9999.000 -9999.000 0.451 0.451 0.449 0.437 0.434 0.435 0.434 0.434 0.434 0.434 0.433 0.433 0.433 0.433 0.432 0.432 0.432 0.432 0.431 0.431 0.431 0.430 0.428 0.428 0.427 0.426 0.425 0.425 0.424 0.424 0.424 0.423 0.424 0.424 0.424 0.424 0.425 0.425 0.425 0.425 0.425 0.425 0.424 0.426 0.429 0.430 0.433 0.435 0.437 0.439 0.440 0.443 0.443 0.444 0.445 0.447 0.448 0.449 0.451 0.452 0.452
-9999.000 -9999.000 -9999.000 -9999.000 -9999.000 -9999.000 -9999.000 -9999.000 -9999.000 -9999.000 -9999.000 -9999.000 -9999.000 -9999.000 0.451 0.451 0.448 0.436 0.434 0.434 0.434 0.434 0.434 0.434 0.433 0.433 0.433 0.433 0.433 0.432 0.432 0.432 0.431 0.431 0.431 0.430 0.429 0.428 0.427 0.426 0.425 0.425 0.424 0.424 0.424 0.424 0.424 0.424 0.424 0.424 0.425 0.425 0.425 0.425 0.425 0.425 0.425 0.424 0.424 0.425 0.427 0.430 0.432 0.434 0.436 0.438 0.441 0.441 0.441 0.441 0.442 0.442 0.443 0.444 0.447
-9999.000 -9999.000 -9999.000 -9999.000 -9999.000 -9999.000 -9999.000 -9999.000 -9999.000 -9999.000 -9999.000 -9999.000 -9999.000 -9999.000 -9999.000 0.451 0.448 0.437 0.434 0.434 0.434 0.434 0.434 0.433 0.433 0.433 0.433 0.433 0.433 0.433 0.432 0.432 0.432 0.431 0.430 0.430 0.429 0.428 0.427 0.425 0.425 0.425 0.424 0.424 0.424 0.424 0.424 0.424 0.424 0.424 0.424 0.424 0.425 0.425 0.425 0.425 0.424 0.426 0.433 0.434 0.434 0.434 0.434 0.436 0.437 0.440 0.441 0.441 0.441 0.441 0.441 0.440 0.439 0.438 0.442
-9999.000 -9999.000 -9999.000 -9999.000 -9999.000 -9999.000 -9999.000 -9999.000 -9999.000 -9999.000 -9999.000 -9999.000 -9999.000 -9999.000 -9999.000 0.450 0.447 0.438 0.434 0.434 0.434 0.434 0.434 0.434 0.434 0.433 0.433 0.433 0.433 0.432 0.432 0.432 0.431 0.431 0.431 0.430 0.429 0.428 0.427 0.425 0.425 0.425 0.425 0.424 0.424 0.424 0.424 0.424 0.424 0.423 0.423 0.423 0.425 0.425 0.425 0.425 0.424 0.429 0.434 0.434 0.434 0.434 0.436 0.438 0.438 0.441 0.442 0.441 0.441 0.441 0.441 0.440 0.440 0.445 0.449
-9999.000 -9999.000 -9999.000 -9999.000 -9999.000 -9999.000 -9999.000 -9999.000 -9999.000 -9999.000 -9999.000 -9999.000 -9999.000 -9999.000 -9999.000 0.450 0.447 0.436 0.434 0.435 0.434 0.434 0.434 0.433 0.433 0.433 0.433 0.433 0.433 0.432 0.432 0.432 0.431 0.431 0.430 0.431 0.429 0.428 0.427 0.426 0.424 0.425 0.425 0.425 0.425 0.425 0.425 0.424 0.424 0.423 0.424 0.424 0.425 0.425 0.424 0.424 0.424 0.429 0.435 0.434 0.433 0.433 0.435 0.438 0.438 0.440 0.442 0.442 0.441 0.441 0.440 0.440 0.440 0.443 0.451
-9999.000 -9999.000 -9999.000 -9999.000 -9999.000 -9999.000 -9999.000 -9999.000 -9999.000 -9999.000 -9999.000 -9999.000 -9999.000 -9999.000 0.449 0.449 0.446 0.435 0.435 0.435 0.435 0.434 0.434 0.434 0.434 0.433 0.433 0.433 0.433 0.433 0.432 0.432 0.431 0.431 0.431 0.431 0.429 0.428 0.427 0.425 0.424 0.424 0.424 0.424 0.424 0.424 0.424 0.424 0.424 0.424 0.424 0.425 0.425 0.425 0.424 0.424 0.424 0.428 0.435 0.434 0.434 0.434 0.434 0.437 0.438 0.439 0.442 0.442 0.442 0.441 0.440 0.440 0.440 0.443 0.451
-9999.000 -9999.000 -9999.000 -9999.000 -9999.000 -9999.000 -9999.000 -9999.000 -9999.000 -9999.000 -9999.000 -9999.000 -9999.000 -9999.000 0.449 0.449 0.445 0.436 0.436 0.438 0.436 0.435 0.434 0.433 0.433 0.434 0.433 0.433 0.433 0.432 0.432 0.431 0.431 0.431 0.431 0.431 0.429 0.428 0.428 0.425 0.424 0.424 0.424 0.424 0.424 0.424 0.424 0.424 0.424 0.424 0.424 0.425 0.425 0.425 0.424 0.424 0.423 0.428 0.435 0.434 0.434 0.434 0.434 0.436 0.438 0.440 0.442 0.442 0.441 0.441 0.441 0.440 0.440 0.445 0.452
-9999.000 -9999.000 -9999.000 -9999.000 -9999.000 -9999.000 -9999.000 -9999.000 -9999.000 -9999.000 -9999.000 -9999.000 -9999.000 -9999.000 0.448 0.449 0.446 0.438 0.436 0.436 0.436 0.434 0.434 0.434 0.434 0.434 0.434 0.433 0.432 0.432 0.432 0.432 0.432 0.432 0.432 0.430 0.429 0.428 0.428 0.425 0.424 0.424 0.424 0.424 0.424 0.424 0.424 0.424 0.424 0.424 0.424 0.425 0.425 0.425 0.424 0.424 0.425 0.430 0.435 0.435 0.435 0.435 0.434 0.435 0.438 0.440 0.442 0.442 0.442 0.441 0.441 0.441 0.441 0.447 0.454
-9999.000 -9999.000 -9999.000 -9999.000 -9999.000 -9999.000 -9999.000 -9999.000 -9999.000 -9999.000 -9999.000 -9999.000 -9999.000 -9999.000 0.448 0.449 0.445 0.435 0.435 0.435 0.434 0.433 0.432 0.433 0.432 0.431 0.431 0.430 0.430 0.429 0.429 0.428 0.429 0.428 0.429 0.428 0.427 0.427 0.428 0.425 0.424 0.424 0.424 0.424 0.424 0.424 0.424 0.424 0.424 0.424 0.424 0.425 0.425 0.425 0.423 0.424 0.432 0.434 0.435 0.435 0.434 0.434 0.434 0.434 0.438 0.440 0.443 0.442 0.441 0.441 0.441 0.441 0.442 0.449 0.455
-9999.000 -9999.000 -9999.000 -9999.000 -9999.000 -9999.000 -9999.000 -9999.000 -9999.000 -9999.000 -9999.000 -9999.000 -9999.000 -9999.000 0.448 0.449 0.443 0.434 0.434 0.434 0.434 0.434 0.432 0.432 0.432 0.430 0.430 0.429 0.428 0.428 0.427 0.427 0.426 0.426 0.426 0.427 0.428 0.428 0.428 0.425 0.424 0.424 0.424 0.424 0.424 0.425 0.424 0.424 0.424 0.423 0.424 0.425 0.425 0.425 0.423 0.426 0.434 0.434 0.435 0.435 0.435 0.435 0.434 0.434 0.438 0.441 0.443 0.442 0.442 0.441 0.441 0.441 0.443 0.451 0.456
-9999.000 -9999.000 -9999.000 -9999.000 -9999.000 -9999.000 -9999.000 -9999.000 -9999.000 -9999.000 -9999.000 -9999.000 -9999.000 -9999.000 0.447 0.448 0.442 0.433 0.434 0.432 0.431 0.432 0.433 0.432 0.431 0.430 0.430 0.429 0.429 0.428 0.428 0.427 0.427 0.426 0.426 0.427 0.427 0.427 0.426 0.425 0.424 0.424 0.424 0.424 0.424 0.423 0.423 0.423 0.423 0.423 0.425 0.425 0.425 0.424 0.423 0.429 0.435 0.434 0.435 0.435 0.435 0.435 0.434 0.435 0.439 0.441 0.443 0.443 0.442 0.442 0.442 0.441 0.445 0.452 0.456
-9999.000 -9999.000 -9999.000 -9999.000 -9999.000 -9999.000 -9999.000 -9999.000 -9999.000 -9999.000 -9999.000 -9999.000 -9999.000 -9999.000 0.447 0.448 0.441 0.431 0.431 0.431 0.430 0.432 0.433 0.433 0.432 0.431 0.430 0.430 0.429 0.429 0.428 0.428 0.427 0.426 0.426 0.426 0.426 0.425 0.425 0.425 0.424 0.425 0.424 0.425 0.424 0.423 0.425 0.424 0.423 0.423 0.425 0.425 0.424 0.424 0.424 0.432 0.435 0.435 0.435 0.436 0.436 0.436 0.435 0.435 0.439 0.441 0.443 0.443 0.442 0.442 0.442 0.441 0.447 0.454 0.456
-9999.000 -9999.000 -9999.000 -9999.000 -9999.000 -9999.000 -9999.000 -9999.000 -9999.000 -9999.000 -9999.000 -9999.000 -9999.000 -9999.000 0.447 0.448 0.440 0.430 0.429 0.429 0.429 0.429 0.430 0.430 0.430 0.431 0.430 0.429 0.428 0.428 0.428 0.427 0.427 0.426 0.426 0.425 0.425 0.425 0.425 0.425 0.424 0.425 0.424 0.424 0.424 0.424 0.424 0.423 0.424 0.425 0.425 0.424 0.423 0.423 0.426 0.434 0.435 0.435 0.436 0.436 0.436 0.436 0.435 0.435 0.439 0.442 0.444 0.443 0.442 0.442 0.442 0.441 0.449 0.455 0.456
-9999.000 -9999.000 -9999.000 -9999.000 -9999.000 -9999.000 -9999.000 -9999.000 -9999.000 -9999.000 -9999.000 -9999.000 -9999.000 0.447 0.447 0.447 0.436 0.428 0.428 0.428 0.428 0.428 0.427 0.427 0.427 0.427 0.427 0.427 0.426 0.426 0.427 0.427 0.427 0.427 0.426 0.426 0.424 0.424 0.425 0.424 0.424 0.424 0.424 0.424 0.425 0.423 0.424 0.423 0.425 0.425 0.425 0.424 0.423 0.423 0.428 0.434 0.434 0.436 0.436 0.436 0.436 0.436 0.435 0.436 0.440 0.442 0.444 0.443 0.443 0.443 0.442 0.443 0.451 0.455 0.456
-9999.000 -9999.000 -9999.000 -9999.000 -9999.000 -9999.000 -9999.000 -9999.000 -9999.000 -9999.000 -9999.000 -9999.000 -9999.000 0.447 0.446 0.447 0.435 0.428 0.428 0.428 0.428 0.428 0.427 0.427 0.427 0.427 0.427 0.427 0.427 0.427 0.427 0.427 0.427 0.427 0.426 0.426 0.425 0.424 0.425 0.425 0.424 0.424 0.424 0.424 0.424 0.424 0.424 0.425 0.425 0.424 0.424 0.424 0.423 0.430 0.432 0.435 0.435 0.435 0.437 0.436 0.436 0.436 0.435 0.437 0.440 0.443 0.444 0.444 0.443 0.443 0.443 0.447 0.454 0.456 0.456
-9999.000 -9999.000 -9999.000 -9999.000 -9999.000 -9999.000 -9999.000 -9999.000 -9999.000 -9999.000 -9999.000 -9999.000 -9999.000 0.447 0.446 0.446 0.433 0.428 0.428 0.428 0.428 0.428 0.428 0.427 0.427 0.427 0.427 0.427 0.427 0.427 0.427 0.427 0.427 0.427 0.426 0.426 0.425 0.424 0.425 0.425 0.424 0.425 0.424 0.424 0.424 0.423 0.425 0.425 0.424 0.424 0.424 0.424 0.427 0.432 0.436 0.436 0.436 0.436 0.437 0.436 0.436 0.437 0.436 0.439 0.440 0.443 0.444 0.444 0.444 0.444 0.443 0.448 0.455 0.456 0.455
-9999.000 -9999.000 -9999.000 -9999.000 -9999.000 -9999.000 -9999.000 -9999.000 -9999.000 -9999.000 -9999.000 -9999.000 -9999.000 0.447 0.446 0.446 0.436 0.429 0.428 0.428 0.428 0.428 0.428 0.428 0.428 0.427 0.427 0.427 0.427 0.427 0.427 0.427 0.427 0.427 0.426 0.425 0.424 0.423 0.424 0.424 0.425 0.425 0.424 0.424 0.424 0.425 0.425 0.424 0.424 0.424 0.423 0.424 0.427 0.436 0.437 0.437 0.437 0.437 0.437 0.437 0.436 0.436 0.437 0.440 0.440 0.442 0.444 0.444 0.444 0.443 0.444 0.450 0.454 0.455 0.456
-9999.000 -9999.000 -9999.000 -9999.000 -9999.000 -9999.000 -9999.000 -9999.000 -9999.000 -9999.000 -9999.000 -9999.000 -9999.000 0.447 0.446 0.447 0.443 0.435 0.431 0.431 0.430 0.430 0.429 0.428 0.428 0.428 0.427 0.427 0.427 0.427 0.427 0.428 0.427 0.426 0.425 0.425 0.424 0.424 0.424 0.425 0.424 0.424 0.424 0.424 0.425 0.424 0.424 0.424 0.424 0.424 0.423 0.423 0.429 0.435 0.437 0.437 0.437 0.437 0.438 0.438 0.437 0.439 0.440 0.441 0.442 0.444 0.446 0.446 0.445 0.444 0.444 0.450 0.453 0.456 0.456
-9999.000 -9999.000 -9999.000 -9999.000 -9999.000 -9999.000 -9999.000 -9999.000 -9999.000 -9999.000 -9999.000 -9999.000 -9999.000 0.447 0.447 0.446 0.446 0.445 0.445 0.444 0.443 0.442 0.441 0.439 0.437 0.435 0.434 0.432 0.431 0.428 0.427 0.426 0.425 0.425 0.425 0.425 0.425 0.425 0.425 0.425 0.425 0.425 0.425 0.424 0.424 0.424 0.424 0.424 0.424 0.424 0.424 0.423 0.423 0.434 0.435 0.435 0.435 0.435 0.434 0.435 0.435 0.436 0.438 0.438 0.439 0.440 0.441 0.441 0.442 0.443 0.445 0.452 0.456 0.456 0.455
