COT Code backup/VWCL0002N0001.asc
ncols         676
nrows         635
xllcorner     24483.000000
yllcorner     28694.204819
cellsize      5.000000
NODATA_value  -9999.0
[rows 594 to 626 of 635, columns 300 to 374 of 676]
-9999.000 -9999.000 -9999.000 -9999.000 -9999.000 -9999.000 -9999.000 -9999.000 -9999.000 -9999.000 -9999.000 -9999.000 -9999.000 -9999.000 -9999.000 -9999.000 0.378 0.379 0.378 0.378 0.381 0.381 0.382 0.381 0.381 0.381 0.382 0.381 0.381 0.381 0.381 0.381 0.376 0.374 0.380 0.381 0.381 0.381 0.381 0.381 0.381 0.381 0.381 0.381 0.381 0.381 0.381 0.381 0.378 0.378 0.378 0.378 0.378 0.378 0.387 0.392 0.395 0.395 0.395 0.396 0.398 0.400 0.393 0.401 0.421 0.431 0.432 0.432 0.433 0.433 0.431 0.431 0.431 0.431 0.432
-9999.000 -9999.000 -9999.000 -9999.000 -9999.000 -9999.000 -9999.000 -9999.000 -9999.000 -9999.000 -9999.000 -9999.000 -9999.000 -9999.000 -9999.000 -9999.000 -9999.000 0.379 0.382 0.381 0.381 0.381 0.382 0.381 0.381 0.382 0.381 0.381 0.381 0.381 0.378 0.377 0.378 0.379 0.381 0.381 0.381 0.381 0.381 0.381 0.381 0.381 0.381 0.381 0.381 0.381 0.381 0.381 0.381 0.381 0.378 0.378 0.378 0.378 0.381 0.394 0.397 0.398 0.398 0.399 0.401 0.402 0.398 0.408 0.427 0.432 0.432 0.431 0.432 0.432 0.433 0.433 0.433 0.433 0.433
-9999.000 -9999.000 -9999.000 -9999.000 -9999.000 -9999.000 -9999.000 -9999.000 -9999.000 -9999.000 -9999.000 -9999.000 -9999.000 -9999.000 -9999.000 -9999.000 -9999.000 0.378 0.382 0.381 0.381 0.381 0.381 0.381 0.381 0.382 0.381 0.381 0.381 0.381 0.378 0.375 0.377 0.380 0.381 0.381 0.381 0.381 0.381 0.381 0.381 0.381 0.381 0.381 0.381 0.381 0.381 0.381 0.381 0.381 0.378 0.378 0.378 0.378 0.380 0.391 0.398 0.401 0.401 0.401 0.403 0.404 0.399 0.407 0.428 0.432 0.432 0.432 0.432 0.432 0.434 0.433 0.433 0.433 0.433
-9999.000 -9999.000 -9999.000 -9999.000 -9999.000 -9999.000 -9999.000 -9999.000 -9999.000 -9999.000 -9999.000 -9999.000 -9999.000 -9999.000 -9999.000 -9999.000 -9999.000 -9999.000 0.382 0.382 0.381 0.382 0.381 0.381 0.381 0.382 0.381 0.381 0.381 0.381 0.381 0.377 0.377 0.381 0.381 0.381 0.381 0.381 0.381 0.381 0.381 0.381 0.381 0.381 0.381 0.381 0.381 0.381 0.381 0.381 0.381 0.381 0.381 0.381 0.378 0.379 0.397 0.401 0.404 0.404 0.404 0.407 0.406 0.407 0.428 0.434 0.434 0.434 0.433 0.434 0.434 0.434 0.433 0.433 0.433
-9999.000 -9999.000 -9999.000 -9999.000 -9999.000 -9999.000 -9999.000 -9999.000 -9999.000 -9999.000 -9999.000 -9999.000 -9999.000 -9999.000 -9999.000 -9999.000 -9999.000 -9999.000 -9999.000 0.382 0.382 0.381 0.381 0.381 0.382 0.381 0.381 0.381 0.381 0.381 0.381 0.378 0.376 0.380 0.381 0.381 0.381 0.381 0.381 0.381 0.381 0.381 0.381 0.381 0.381 0.381 0.381 0.381 0.381 0.381 0.381 0.381 0.381 0.381 0.378 0.377 0.393 0.403 0.406 0.407 0.407 0.408 0.410 0.405 0.416 0.433 0.435 0.435 0.434 0.434 0.434 0.434 0.434 0.433 0.433
-9999.000 -9999.000 -9999.000 -9999.000 -9999.000 -9999.000 -9999.000 -9999.000 -9999.000 -9999.000 -9999.000 -9999.000 -9999.000 -9999.000 -9999.000 -9999.000 -9999.000 -9999.000 -9999.000 0.382 0.382 0.381 0.381 0.381 0.382 0.381 0.381 0.381 0.378 0.378 0.378 0.377 0.373 0.373 0.379 0.381 0.381 0.381 0.381 0.381 0.381 0.381 0.381 0.381 0.381 0.381 0.380 0.380 0.380 0.380 0.381 0.381 0.381 0.381 0.378 0.377 0.395 0.404 0.408 0.410 0.410 0.410 0.413 0.412 0.410 0.427 0.435 0.435 0.435 0.434 0.434 0.434 0.434 0.434 0.433
-9999.000 -9999.000 -9999.000 -9999.000 -9999.000 -9999.000 -9999.000 -9999.000 -9999.000 -9999.000 -9999.000 -9999.000 -9999.000 -9999.000 -9999.000 -9999.000 -9999.000 -9999.000 -9999.000 -9999.000 0.382 0.381 0.381 0.382 0.381 0.381 0.382 0.381 0.379 0.378 0.378 0.378 0.376 0.373 0.374 0.376 0.379 0.381 0.381 0.381 0.381 0.381 0.381 0.381 0.381 0.381 0.380 0.380 0.380 0.380 0.381 0.381 0.381 0.381 0.378 0.380 0.399 0.403 0.407 0.410 0.414 0.413 0.414 0.417 0.414 0.421 0.432 0.435 0.435 0.435 0.434 0.434 0.434 0.434 0.434
-9999.000 -9999.000 -9999.000 -9999.000 -9999.000 -9999.000 -9999.000 -9999.000 -9999.000 -9999.000 -9999.000 -9999.000 -9999.000 -9999.000 -9999.000 -9999.000 -9999.000 -9999.000 -9999.000 -9999.000 0.378 0.378 0.382 0.382 0.381 0.381 0.382 0.382 0.378 0.378 0.378 0.378 0.378 0.377 0.375 0.372 0.371 0.372 0.374 0.377 0.380 0.380 0.380 0.380 0.380 0.380 0.380 0.380 0.380 0.380 0.381 0.381 0.381 0.381 0.380 0.381 0.393 0.395 0.404 0.411 0.417 0.418 0.416 0.418 0.421 0.423 0.429 0.434 0.435 0.435 0.435 0.434 0.434 0.434 0.434
-9999.000 -9999.000 -9999.000 -9999.000 -9999.000 -9999.000 -9999.000 -9999.000 -9999.000 -9999.000 -9999.000 -9999.000 -9999.000 -9999.000 -9999.000 -9999.000 -9999.000 -9999.000 -9999.000 -9999.000 -9999.000 0.378 0.382 0.381 0.381 0.382 0.381 0.381 0.378 0.378 0.378 0.378 0.379 0.378 0.378 0.377 0.375 0.373 0.371 0.373 0.380 0.380 0.380 0.380 0.380 0.380 0.380 0.380 0.380 0.380 0.381 0.381 0.381 0.381 0.380 0.380 0.385 0.391 0.395 0.413 0.419 0.422 0.420 0.420 0.422 0.425 0.429 0.433 0.435 0.435 0.435 0.435 0.434 0.434 0.434
-9999.000 -9999.000 -9999.000 -9999.000 -9999.000 -9999.000 -9999.000 -9999.000 -9999.000 -9999.000 -9999.000 -9999.000 -9999.000 -9999.000 -9999.000 -9999.000 -9999.000 -9999.000 -9999.000 -9999.000 -9999.000 -9999.000 0.382 0.381 0.382 0.382 0.378 0.378 0.377 0.377 0.378 0.378 0.379 0.379 0.379 0.379 0.378 0.378 0.375 0.371 0.377 0.381 0.381 0.381 0.381 0.381 0.381 0.381 0.380 0.380 0.381 0.381 0.380 0.380 0.381 0.381 0.380 0.387 0.387 0.400 0.421 0.424 0.424 0.422 0.423 0.425 0.427 0.429 0.434 0.435 0.435 0.435 0.435 0.434 0.434
-9999.000 -9999.000 -9999.000 -9999.000 -9999.000 -9999.000 -9999.000 -9999.000 -9999.000 -9999.000 -9999.000 -9999.000 -9999.000 -9999.000 -9999.000 -9999.000 -9999.000 -9999.000 -9999.000 -9999.000 -9999.000 -9999.000 0.382 0.381 0.382 0.381 0.378 0.377 0.376 0.376 0.376 0.377 0.378 0.378 0.379 0.379 0.379 0.379 0.378 0.373 0.374 0.380 0.381 0.381 0.381 0.381 0.381 0.381 0.380 0.380 0.381 0.381 0.380 0.380 0.381 0.381 0.379 0.383 0.386 0.390 0.415 0.425 0.427 0.425 0.424 0.426 0.426 0.425 0.432 0.435 0.435 0.435 0.435 0.435 0.434
-9999.000 -9999.000 -9999.000 -9999.000 -9999.000 -9999.000 -9999.000 -9999.000 -9999.000 -9999.000 -9999.000 -9999.000 -9999.000 -9999.000 -9999.000 -9999.000 -9999.000 -9999.000 -9999.000 -9999.000 -9999.000 -9999.000 -9999.000 0.378 0.382 0.381 0.377 0.376 0.377 0.377 0.376 0.374 0.375 0.377 0.378 0.378 0.378 0.378 0.378 0.376 0.374 0.377 0.381 0.381 0.381 0.381 0.381 0.381 0.380 0.380 0.381 0.381 0.381 0.381 0.381 0.381 0.378 0.380 0.385 0.387 0.400 0.425 0.429 0.428 0.427 0.427 0.429 0.428 0.427 0.434 0.434 0.433 0.435 0.435 0.435
-9999.000 -9999.000 -9999.000 -9999.000 -9999.000 -9999.000 -9999.000 -9999.000 -9999.000 -9999.000 -9999.000 -9999.000 -9999.000 -9999.000 -9999.000 -9999.000 -9999.000 -9999.000 -9999.000 -9999.000 -9999.000 -9999.000 -9999.000 0.379 0.381 0.381 0.376 0.376 0.378 0.378 0.378 0.377 0.375 0.375 0.375 0.377 0.378 0.378 0.378 0.377 0.376 0.374 0.380 0.381 0.381 0.381 0.381 0.381 0.380 0.380 0.381 0.381 0.381 0.381 0.381 0.381 0.378 0.378 0.380 0.384 0.390 0.416 0.430 0.431 0.430 0.429 0.429 0.431 0.429 0.431 0.434 0.434 0.435 0.435 0.435
-9999.000 -9999.000 -9999.000 -9999.000 -9999.000 -9999.000 -9999.000 -9999.000 -9999.000 -9999.000 -9999.000 -9999.000 -9999.000 -9999.000 -9999.000 -9999.000 -9999.000 -9999.000 -9999.000 -9999.000 -9999.000 -9999.000 -9999.000 -9999.000 -9999.000 0.377 0.375 0.377 0.381 0.381 0.378 0.378 0.378 0.377 0.376 0.375 0.376 0.378 0.378 0.378 0.376 0.371 0.377 0.381 0.381 0.381 0.381 0.381 0.381 0.381 0.381 0.381 0.380 0.380 0.380 0.380 0.381 0.381 0.378 0.383 0.387 0.410 0.428 0.431 0.431 0.431 0.430 0.432 0.433 0.432 0.433 0.434 0.435 0.435 0.435
-9999.000 -9999.000 -9999.000 -9999.000 -9999.000 -9999.000 -9999.000 -9999.000 -9999.000 -9999.000 -9999.000 -9999.000 -9999.000 -9999.000 -9999.000 -9999.000 -9999.000 -9999.000 -9999.000 -9999.000 -9999.000 -9999.000 -9999.000 -9999.000 -9999.000 -9999.000 0.375 0.378 0.380 0.380 0.378 0.378 0.378 0.378 0.377 0.376 0.376 0.378 0.378 0.378 0.378 0.374 0.374 0.379 0.381 0.381 0.381 0.381 0.381 0.381 0.381 0.381 0.380 0.380 0.380 0.380 0.381 0.381 0.378 0.384 0.393 0.411 0.426 0.430 0.432 0.432 0.431 0.432 0.433 0.433 0.432 0.434 0.436 0.435 0.435
-9999.000 -9999.000 -9999.000 -9999.000 -9999.000 -9999.000 -9999.000 -9999.000 -9999.000 -9999.000 -9999.000 -9999.000 -9999.000 -9999.000 -9999.000 -9999.000 -9999.000 -9999.000 -9999.000 -9999.000 -9999.000 -9999.000 -9999.000 -9999.000 -9999.000 -9999.000 -9999.000 0.378 0.378 0.378 0.378 0.378 0.378 0.378 0.377 0.376 0.375 0.376 0.378 0.378 0.378 0.376 0.374 0.376 0.381 0.381 0.381 0.381 0.380 0.380 0.381 0.381 0.381 0.381 0.378 0.378 0.378 0.378 0.378 0.378 0.382 0.401 0.420 0.427 0.433 0.434 0.433 0.433 0.434 0.435 0.431 0.432 0.433 0.433 0.434
-9999.000 -9999.000 -9999.000 -9999.000 -9999.000 -9999.000 -9999.000 -9999.000 -9999.000 -9999.000 -9999.000 -9999.000 -9999.000 -9999.000 -9999.000 -9999.000 -9999.000 -9999.000 -9999.000 -9999.000 -9999.000 -9999.000 -9999.000 -9999.000 -9999.000 -9999.000 -9999.000 -9999.000 0.377 0.378 0.378 0.377 0.377 0.377 0.376 0.375 0.372 0.372 0.378 0.378 0.378 0.377 0.375 0.373 0.379 0.381 0.381 0.381 0.380 0.380 0.381 0.381 0.381 0.381 0.378 0.378 0.378 0.378 0.378 0.378 0.378 0.386 0.401 0.416 0.427 0.432 0.435 0.434 0.434 0.435 0.433 0.432 0.433 0.433 0.434
-9999.000 -9999.000 -9999.000 -9999.000 -9999.000 -9999.000 -9999.000 -9999.000 -9999.000 -9999.000 -9999.000 -9999.000 -9999.000 -9999.000 -9999.000 -9999.000 -9999.000 -9999.000 -9999.000 -9999.000 -9999.000 -9999.000 -9999.000 -9999.000 -9999.000 -9999.000 -9999.000 -9999.000 0.376 0.375 0.375 0.375 0.374 0.374 0.373 0.374 0.371 0.369 0.376 0.378 0.378 0.378 0.375 0.369 0.375 0.381 0.381 0.381 0.381 0.381 0.381 0.381 0.378 0.378 0.380 0.380 0.378 0.378 0.378 0.378 0.378 0.380 0.393 0.407 0.422 0.426 0.429 0.431 0.432 0.435 0.436 0.435 0.433 0.433 0.435
-9999.000 -9999.000 -9999.000 -9999.000 -9999.000 -9999.000 -9999.000 -9999.000 -9999.000 -9999.000 -9999.000 -9999.000 -9999.000 -9999.000 -9999.000 -9999.000 -9999.000 -9999.000 -9999.000 -9999.000 -9999.000 -9999.000 -9999.000 -9999.000 -9999.000 -9999.000 -9999.000 -9999.000 -9999.000 0.375 0.375 0.374 0.373 0.373 0.373 0.374 0.372 0.369 0.372 0.378 0.379 0.379 0.378 0.372 0.372 0.378 0.381 0.381 0.381 0.381 0.381 0.381 0.378 0.378 0.380 0.380 0.378 0.378 0.378 0.378 0.378 0.378 0.387 0.401 0.418 0.425 0.427 0.429 0.429 0.429 0.430 0.432 0.432 0.433 0.435
-9999.000 -9999.000 -9999.000 -9999.000 -9999.000 -9999.000 -9999.000 -9999.000 -9999.000 -9999.000 -9999.000 -9999.000 -9999.000 -9999.000 -9999.000 -9999.000 -9999.000 -9999.000 -9999.000 -9999.000 -9999.000 -9999.000 -9999.000 -9999.000 -9999.000 -9999.000 -9999.000 -9999.000 -9999.000 0.376 0.376 0.375 0.375 0.376 0.377 0.376 0.373 0.370 0.370 0.375 0.378 0.379 0.379 0.376 0.369 0.371 0.380 0.381 0.378 0.378 0.378 0.378 0.380 0.380 0.378 0.378 0.378 0.378 0.378 0.378 0.378 0.378 0.381 0.394 0.407 0.421 0.426 0.428 0.430 0.430 0.429 0.429 0.429 0.429 0.430
-9999.000 -9999.000 -9999.000 -9999.000 -9999.000 -9999.000 -9999.000 -9999.000 -9999.000 -9999.000 -9999.000 -9999.000 -9999.000 -9999.000 -9999.000 -9999.000 -9999.000 -9999.000 -9999.000 -9999.000 -9999.000 -9999.000 -9999.000 -9999.000 -9999.000 -9999.000 -9999.000 -9999.000 -9999.000 -9999.000 0.377 0.378 0.378 0.379 0.378 0.377 0.375 0.373 0.370 0.373 0.378 0.379 0.379 0.378 0.373 0.376 0.407 0.390 0.378 0.378 0.378 0.378 0.380 0.380 0.378 0.378 0.378 0.378 0.378 0.378 0.378 0.378 0.378 0.387 0.399 0.412 0.424 0.427 0.429 0.430 0.430 0.430 0.429 0.429 0.429
-9999.000 -9999.000 -9999.000 -9999.000 -9999.000 -9999.000 -9999.000 -9999.000 -9999.000 -9999.000 -9999.000 -9999.000 -9999.000 -9999.000 -9999.000 -9999.000 -9999.000 -9999.000 -9999.000 -9999.000 -9999.000 -9999.000 -9999.000 -9999.000 -9999.000 -9999.000 -9999.000 -9999.000 -9999.000 -9999.000 -9999.000 0.379 0.379 0.378 0.378 0.377 0.376 0.375 0.372 0.372 0.376 0.378 0.379 0.379 0.377 0.369 0.397 0.407 0.405 0.403 0.388 0.378 0.378 0.378 0.378 0.378 0.378 0.378 0.378 0.378 0.378 0.378 0.378 0.380 0.391 0.404 0.416 0.424 0.428 0.430 0.430 0.430 0.430 0.430 0.428
-9999.000 -9999.000 -9999.000 -9999.000 -9999.000 -9999.000 -9999.000 -9999.000 -9999.000 -9999.000 -9999.000 -9999.000 -9999.000 -9999.000 -9999.000 -9999.000 -9999.000 -9999.000 -9999.000 -9999.000 -9999.000 -9999.000 -9999.000 -9999.000 -9999.000 -9999.000 -9999.000 -9999.000 -9999.000 -9999.000 -9999.000 -9999.000 0.379 0.378 0.378 0.377 0.377 0.376 0.374 0.373 0.375 0.378 0.379 0.379 0.378 0.372 0.378 0.399 0.406 0.409 0.409 0.408 0.401 0.384 0.378 0.378 0.378 0.378 0.378 0.378 0.378 0.378 0.378 0.378 0.386 0.396 0.410 0.423 0.428 0.429 0.430 0.430 0.430 0.430 0.428
-9999.000 -9999.000 -9999.000 -9999.000 -9999.000 -9999.000 -9999.000 -9999.000 -9999.000 -9999.000 -9999.000 -9999.000 -9999.000 -9999.000 -9999.000 -9999.000 -9999.000 -9999.000 -9999.000 -9999.000 -9999.000 -9999.000 -9999.000 -9999.000 -9999.000 -9999.000 -9999.000 -9999.000 -9999.000 -9999.000 -9999.000 -9999.000 -9999.000 0.378 0.378 0.377 0.377 0.376 0.375 0.375 0.375 0.377 0.378 0.377 0.374 0.372 0.377 0.391 0.404 0.410 0.409 0.408 0.408 0.407 0.407 0.398 0.384 0.378 0.378 0.378 0.380 0.380 -9999.000 -9999.000 -9999.000 -9999.000 -9999.000 -9999.000 -9999.000 0.428 0.430 0.430 0.430 0.430 0.430
-9999.000 -9999.000 -9999.000 -9999.000 -9999.000 -9999.000 -9999.000 -9999.000 -9999.000 -9999.000 -9999.000 -9999.000 -9999.000 -9999.000 -9999.000 -9999.000 -9999.000 -9999.000 -9999.000 -9999.000 -9999.000 -9999.000 -9999.000 -9999.000 -9999.000 -9999.000 -9999.000 -9999.000 -9999.000 -9999.000 -9999.000 -9999.000 -9999.000 -9999.000 0.377 0.377 0.377 0.377 0.376 0.376 0.376 0.377 0.377 0.374 0.373 0.378 0.385 0.394 0.402 0.408 0.410 0.409 0.408 0.409 0.409 0.408 0.408 0.409 0.397 0.381 -9999.000 -9999.000 -9999.000 -9999.000 -9999.000 -9999.000 -9999.000 -9999.000 -9999.000 -9999.000 0.429 0.430 0.430 0.430 0.430
-9999.000 -9999.000 -9999.000 -9999.000 -9999.000 -9999.000 -9999.000 -9999.000 -9999.000 -9999.000 -9999.000 -9999.000 -9999.000 -9999.000 -9999.000 -9999.000 -9999.000 -9999.000 -9999.000 -9999.000 -9999.000 -9999.000 -9999.000 -9999.000 -9999.000 -9999.000 -9999.000 -9999.000 -9999.000 -9999.000 -9999.000 -9999.000 -9999.000 -9999.000 -9999.000 -9999.000 -9999.000 0.377 0.376 0.376 0.376 0.376 0.375 0.373 0.380 0.384 0.390 0.396 0.403 0.407 0.410 0.410 0.410 0.410 0.410 0.410 -9999.000 -9999.000 -9999.000 -9999.000 -9999.000 -9999.000 -9999.000 -9999.000 -9999.000 -9999.000 -9999.000 -9999.000 -9999.000 -9999.000 0.427 0.428 0.430 0.430 0.430
-9999.000 -9999.000 -9999.000 -9999.000 -9999.000 -9999.000 -9999.000 -9999.000 -9999.000 -9999.000 -9999.000 -9999.000 -9999.000 -9999.000 -9999.000 -9999.000 -9999.000 -9999.000 -9999.000 -9999.000 -9999.000 -9999.000 -9999.000 -9999.000 -9999.000 -9999.000 -9999.000 -9999.000 -9999.000 -9999.000 -9999.000 -9999.000 -9999.000 -9999.000 -9999.000 -9999.000 -9999.000 -9999.000 -9999.000 0.376 0.377 0.376 0.375 0.373 0.375 0.383 0.390 0.395 0.401 0.405 -9999.000 -9999.000 -9999.000 -9999.000 -9999.000 -9999.000 -9999.000 -9999.000 -9999.000 -9999.000 -9999.000 -9999.000 -9999.000 -9999.000 -9999.000 -9999.000 -9999.000 -9999.000 -9999.000 -9999.000 -9999.000 0.427 0.430 0.431 0.431
-9999.000 -9999.000 -9999.000 -9999.000 -9999.000 -9999.000 -9999.000 -9999.000 -9999.000 -9999.000 -9999.000 -9999.000 -9999.000 -9999.000 -9999.000 -9999.000 -9999.000 -9999.000 -9999.000 -9999.000 -9999.000 -9999.000 -9999.000 -9999.000 -9999.000 -9999.000 -9999.000 -9999.000 -9999.000 -9999.000 -9999.000 -9999.000 -9999.000 -9999.000 -9999.000 -9999.000 -9999.000 -9999.000 -9999.000 -9999.000 0.377 0.377 0.376 0.375 0.375 0.380 0.391 0.395 -9999.000 -9999.000 -9999.000 -9999.000 -9999.000 -9999.000 -9999.000 -9999.000 -9999.000 -9999.000 -9999.000 -9999.000 -9999.000 -9999.000 -9999.000 -9999.000 -9999.000 -9999.000 -9999.000 -9999.000 -9999.000 -9999.000 -9999.000 -9999.000 0.427 0.427 0.431
-9999.000 -9999.000 -9999.000 -9999.000 -9999.000 -9999.000 -9999.000 -9999.000 -9999.000 -9999.000 -9999.000 -9999.000 -9999.000 -9999.000 -9999.000 -9999.000 -9999.000 -9999.000 -9999.000 -9999.000 -9999.000 -9999.000 -9999.000 -9999.000 -9999.000 -9999.000 -9999.000 -9999.000 -9999.000 -9999.000 -9999.000 -9999.000 -9999.000 -9999.000 -9999.000 -9999.000 -9999.000 -9999.000 -9999.000 -9999.000 -9999.000 0.377 0.377 0.376 0.376 -9999.000 -9999.000 -9999.000 -9999.000 -9999.000 -9999.000 -9999.000 -9999.000 -9999.000 -9999.000 -9999.000 -9999.000 -9999.000 -9999.000 -9999.000 -9999.000 -9999.000 -9999.000 -9999.000 -9999.000 -9999.000 -9999.000 -9999.000 -9999.000 -9999.000 -9999.000 -9999.000 -9999.000 0.426 0.429
-9999.000 -9999.000 -9999.000 -9999.000 -9999.000 -9999.000 -9999.000 -9999.000 -9999.000 -9999.000 -9999.000 -9999.000 -9999.000 -9999.000 -9999.000 -9999.000 -9999.000 -9999.000 -9999.000 -9999.000 -9999.000 -9999.000 -9999.000 -9999.000 -9999.000 -9999.000 -9999.000 -9999.000 -9999.000 -9999.000 -9999.000 -9999.000 -9999.000 -9999.000 -9999.000 -9999.000 -9999.000 -9999.000 -9999.000 -9999.000 -9999.000 -9999.000 -9999.000 -9999.000 -9999.000 -9999.000 -9999.000 -9999.000 -9999.000 -9999.000 -9999.000 -9999.000 -9999.000 -9999.000 -9999.000 -9999.000 -9999.000 -9999.000 -9999.000 -9999.000 -9999.000 -9999.000 -9999.000 -9999.000 -9999.000 -9999.000 -9999.000 -9999.000 -9999.000 -9999.000 -9999.000 -9999.000 -9999.000 -9999.000 0.426
-9999.000 -9999.000 -9999.000 -9999.000 -9999.000 -9999.000 -9999.000 -9999.000 -9999.000 -9999.000 -9999.000 -9999.000 -9999.000 -9999.000 -9999.000 -9999.000 -9999.000 -9999.000 -9999.000 -9999.000 -9999.000 -9999.000 -9999.000 -9999.000 -9999.000 -9999.000 -9999.000 -9999.000 -9999.000 -9999.000 -9999.000 -9999.000 -9999.000 -9999.000 -9999.000 -9999.000 -9999.000 -9999.000 -9999.000 -9999.000 -9999.000 -9999.000 -9999.000 -9999.000 -9999.000 -9999.000 -9999.000 -9999.000 -9999.000 -9999.000 -9999.000 -9999.000 -9999.000 -9999.000 -9999.000 -9999.000 -9999.000 -9999.000 -9999.000 -9999.000 -9999.000 -9999.000 -9999.000 -9999.000 -9999.000 -9999.000 -9999.000 -9999.000 -9999.000 -9999.000 -9999.000 -9999.000 -9999.000 -9999.000 -9999.000
-9999.000 -9999.000 -9999.000 -9999.000 -9999.000 -9999.000 -9999.000 -9999.000 -9999.000 -9999.000 -9999.000 -9999.000 -9999.000 -9999.000 -9999.000 -9999.000 -9999.000 -9999.000 -9999.000 -9999.000 -9999.000 -9999.000 -9999.000 -9999.000 -9999.000 -9999.000 -9999.000 -9999.000 -9999.000 -9999.000 -9999.000 -9999.000 -9999.000 -9999.000 -9999.000 -9999.000 -9999.000 -9999.000 -9999.000 -9999.000 -9999.000 -9999.000 -9999.000 -9999.000 -9999.000 -9999.000 -9999.000 -9999.000 -9999.000 -9999.000 -9999.000 -9999.000 -9999.000 -9999.000 -9999.000 -9999.000 -9999.000 -9999.000 -9999.000 -9999.000 -9999.000 -9999.000 -9999.000 -9999.000 -9999.000 -9999.000 -9999.000 -9999.000 -9999.000 -9999.000 -9999.000 -9999.000 -9999.000 -9999.000 -9999.000
-9999.000 -9999.000 -9999.000 -9999.000 -9999.000 -9999.000 -9999.000 -9999.000 -9999.000 -9999.000 -9999.000 -9999.000 -9999.000 -9999.000 -9999.000 -9999.000 -9999.000 -9999.000 -9999.000 -9999.000 -9999.000 -9999.000 -9999.000 -9999.000 -9999.000 -9999.000 -9999.000 -9999.000 -9999.000 -9999.000 -9999.000 -9999.000 -9999.000 -9999.000 -9999.000 -9999.000 -9999.000 -9999.000 -9999.000 -9999.000 -9999.000 -9999.000 -9999.000 -9999.000 -9999.000 -9999.000 -9999.000 -9999.000 -9999.000 -9999.000 -9999.000 -9999.000 -9999.000 -9999.000 -9999.000 -9999.000 -9999.000 -9999.000 -9999.000 -9999.000 -9999.000 -9999.000 -9999.000 -9999.000 -9999.000 -9999.000 -9999.000 -9999.000 -9999.000 -9999.000 -9999.000 -9999.000 -9999.000 -9999.000 -9999.000
