COT Code backup/VWCL0002N0001.asc
ncols         676
nrows         635
xllcorner     24483.000000
yllcorner     28694.204819
cellsize      5.000000
NODATA_value  -9999.0
[rows 330 to 362 of 635, columns 225 to 299 of 676]
0.454 0.454 0.454 0.454 0.454 0.454 0.454 0.454 0.454 0.454 0.454 0.454 0.454 0.454 0.454 0.454 0.454 0.454 0.454 0.454 0.454 0.454 0.454 0.454 0.454 0.454 0.454 0.454 0.454 0.454 0.454 0.455 0.456 0.456 0.456 0.456 0.456 0.456 0.456 0.456 0.456 0.456 0.456 0.456 0.456 0.456 0.456 0.456 0.456 0.449 0.448 0.448 0.448 0.448 0.448 0.448 0.448 0.448 0.448 0.448 0.448 0.448 0.448 0.447 0.447 0.447 0.447 0.447 0.447 0.447 0.446 0.447 0.447 0.448 0.448
0.454 0.454 0.454 0.454 0.454 0.454 0.454 0.454 0.454 0.454 0.454 0.454 0.454 0.454 0.454 0.454 0.454 0.454 0.454 0.454 0.454 0.454 0.454 0.454 0.454 0.455 0.454 0.454 0.454 0.454 0.454 0.454 0.456 0.456 0.456 0.456 0.456 0.456 0.456 0.456 0.456 0.456 0.456 0.456 0.456 0.456 0.456 0.456 0.456 0.451 0.448 0.448 0.448 0.447 0.447 0.447 0.447 0.446 0.447 0.448 0.448 0.448 0.448 0.448 0.448 0.447 0.447 0.447 0.447 0.447 0.446 0.446 0.447 0.448 0.448
0.454 0.454 0.454 0.454 0.454 0.454 0.454 0.454 0.454 0.454 0.454 0.454 0.454 0.454 0.454 0.454 0.454 0.454 0.454 0.454 0.454 0.454 0.454 0.454 0.454 0.455 0.454 0.454 0.454 0.454 0.454 0.454 0.455 0.456 0.456 0.456 0.456 0.456 0.456 0.456 0.456 0.456 0.456 0.456 0.456 0.456 0.456 0.456 0.455 0.451 0.447 0.448 0.447 0.445 0.443 0.442 0.441 0.438 0.437 0.439 0.441 0.446 0.447 0.448 0.448 0.447 0.447 0.447 0.447 0.446 0.447 0.447 0.448 0.448 0.448
0.454 0.454 0.454 0.454 0.454 0.454 0.454 0.454 0.454 0.454 0.454 0.454 0.454 0.454 0.454 0.454 0.454 0.454 0.454 0.454 0.454 0.454 0.455 0.454 0.454 0.454 0.454 0.454 0.454 0.454 0.456 0.456 0.456 0.456 0.456 0.456 0.456 0.456 0.456 0.456 0.456 0.456 0.455 0.455 0.454 0.453 0.452 0.451 0.450 0.449 0.448 0.448 0.447 0.446 0.445 0.445 0.444 0.442 0.441 0.440 0.438 0.437 0.437 0.441 0.446 0.448 0.448 0.448 0.447 0.447 0.448 0.448 0.448 0.448 0.448
0.454 0.454 0.454 0.454 0.454 0.454 0.454 0.454 0.454 0.454 0.454 0.454 0.454 0.454 0.454 0.454 0.454 0.454 0.454 0.454 0.454 0.454 0.454 0.454 0.454 0.454 0.454 0.455 0.456 0.454 0.455 0.456 0.456 0.456 0.456 0.456 0.456 0.456 0.456 0.456 0.455 0.455 0.454 0.454 0.453 0.452 0.452 0.451 0.450 0.450 0.449 0.448 0.447 0.446 0.446 0.445 0.443 0.442 0.441 0.440 0.439 0.438 0.437 0.434 0.439 0.448 0.449 0.448 0.446 0.447 0.448 0.448 0.448 0.447 0.448
0.454 0.454 0.454 0.454 0.454 0.454 0.454 0.454 0.454 0.454 0.454 0.454 0.454 0.454 0.454 0.454 0.454 0.454 0.454 0.454 0.454 0.454 0.454 0.454 0.454 0.455 0.454 0.455 0.454 0.445 0.448 0.452 0.455 0.456 0.456 0.456 0.456 0.456 0.456 0.456 0.455 0.455 0.455 0.454 0.453 0.452 0.452 0.451 0.450 0.449 0.448 0.447 0.445 0.443 0.441 0.441 0.439 0.437 0.437 0.435 0.436 0.438 0.438 0.437 0.436 0.437 0.446 0.447 0.445 0.446 0.448 0.448 0.448 0.447 0.447
0.454 0.454 0.454 0.454 0.454 0.454 0.454 0.454 0.454 0.454 0.454 0.454 0.454 0.454 0.454 0.454 0.454 0.454 0.454 0.454 0.454 0.454 0.454 0.454 0.456 0.455 0.456 0.456 0.449 0.440 0.439 0.444 0.449 0.451 0.452 0.454 0.455 0.455 0.455 0.455 0.455 0.454 0.454 0.453 0.451 0.450 0.449 0.448 0.447 0.447 0.441 0.438 0.436 0.434 0.433 0.433 0.432 0.431 0.431 0.428 0.429 0.434 0.436 0.437 0.436 0.435 0.434 0.440 0.444 0.445 0.447 0.448 0.447 0.447 0.447
0.454 0.454 0.454 0.454 0.454 0.454 0.454 0.454 0.454 0.454 0.454 0.454 0.455 0.456 0.455 0.455 0.455 0.454 0.454 0.454 0.454 0.454 0.454 0.455 0.456 0.456 0.456 0.453 0.443 0.438 0.438 0.439 0.439 0.440 0.441 0.443 0.443 0.444 0.447 0.446 0.446 0.447 0.447 0.444 0.441 0.439 0.437 0.436 0.435 0.437 0.437 0.436 0.435 0.435 0.433 0.432 0.432 0.430 0.430 0.429 0.428 0.428 0.430 0.434 0.435 0.435 0.435 0.436 0.441 0.443 0.444 0.446 0.446 0.446 0.446
0.454 0.454 0.454 0.454 0.454 0.454 0.454 0.454 0.454 0.454 0.454 0.454 0.454 0.454 0.454 0.455 0.455 0.454 0.454 0.454 0.454 0.454 0.454 0.456 0.456 0.456 0.456 0.448 0.440 0.439 0.439 0.438 0.439 0.438 0.438 0.438 0.437 0.438 0.437 0.438 0.437 0.437 0.437 0.436 0.436 0.436 0.436 0.436 0.436 0.437 0.438 0.438 0.437 0.437 0.436 0.435 0.434 0.433 0.432 0.431 0.430 0.429 0.428 0.429 0.433 0.435 0.434 0.435 0.438 0.442 0.443 0.444 0.445 0.446 0.446
0.454 0.454 0.454 0.454 0.454 0.454 0.454 0.454 0.454 0.454 0.454 0.454 0.454 0.454 0.456 0.456 0.455 0.454 0.454 0.454 0.454 0.454 0.456 0.456 0.456 0.456 0.454 0.444 0.439 0.439 0.439 0.439 0.439 0.438 0.438 0.437 0.437 0.437 0.437 0.437 0.437 0.437 0.436 0.437 0.436 0.436 0.436 0.436 0.437 0.437 0.439 0.438 0.437 0.436 0.436 0.433 0.432 0.433 0.431 0.431 0.430 0.429 0.428 0.425 0.427 0.433 0.434 0.434 0.435 0.441 0.444 0.445 0.445 0.445 0.446
0.454 0.454 0.454 0.454 0.454 0.454 0.454 0.454 0.454 0.454 0.454 0.454 0.454 0.454 0.455 0.456 0.454 0.454 0.454 0.454 0.454 0.455 0.456 0.456 0.456 0.456 0.448 0.441 0.439 0.439 0.439 0.440 0.439 0.438 0.438 0.437 0.438 0.438 0.438 0.437 0.438 0.438 0.438 0.438 0.437 0.437 0.438 0.437 0.437 0.438 0.439 0.438 0.437 0.436 0.435 0.432 0.431 0.432 0.431 0.430 0.429 0.429 0.427 0.425 0.425 0.431 0.433 0.433 0.433 0.436 0.443 0.445 0.446 0.446 0.446
0.454 0.454 0.454 0.454 0.454 0.454 0.454 0.454 0.454 0.454 0.454 0.454 0.454 0.454 0.454 0.454 0.454 0.454 0.454 0.454 0.455 0.456 0.456 0.456 0.456 0.453 0.444 0.440 0.440 0.440 0.440 0.439 0.439 0.440 0.440 0.440 0.439 0.439 0.439 0.439 0.439 0.440 0.439 0.439 0.439 0.439 0.439 0.439 0.438 0.439 0.439 0.436 0.434 0.433 0.433 0.433 0.432 0.430 0.429 0.428 0.427 0.428 0.427 0.426 0.426 0.428 0.432 0.432 0.432 0.433 0.437 0.445 0.446 0.447 0.446
0.454 0.454 0.454 0.454 0.454 0.454 0.454 0.454 0.454 0.454 0.454 0.454 0.454 0.454 0.454 0.454 0.454 0.454 0.454 0.454 0.455 0.456 0.456 0.456 0.454 0.448 0.440 0.441 0.440 0.440 0.440 0.440 0.440 0.441 0.441 0.441 0.441 0.441 0.441 0.440 0.440 0.440 0.440 0.440 0.440 0.440 0.440 0.440 0.440 0.440 0.439 0.437 0.435 0.435 0.434 0.435 0.434 0.431 0.430 0.430 0.429 0.430 0.429 0.427 0.426 0.427 0.429 0.431 0.432 0.432 0.432 0.440 0.445 0.447 0.447
0.454 0.454 0.454 0.454 0.454 0.454 0.454 0.454 0.454 0.454 0.454 0.454 0.454 0.454 0.454 0.454 0.454 0.454 0.454 0.454 0.456 0.456 0.456 0.456 0.450 0.441 0.436 0.442 0.441 0.441 0.440 0.440 0.441 0.441 0.441 0.441 0.441 0.441 0.441 0.441 0.441 0.441 0.441 0.441 0.441 0.441 0.441 0.441 0.441 0.440 0.440 0.439 0.439 0.438 0.437 0.434 0.433 0.434 0.433 0.430 0.429 0.431 0.430 0.427 0.427 0.425 0.426 0.430 0.430 0.431 0.432 0.432 0.443 0.447 0.447
0.454 0.454 0.454 0.454 0.454 0.454 0.454 0.454 0.454 0.454 0.454 0.454 0.454 0.454 0.454 0.454 0.454 0.454 0.454 0.455 0.456 0.456 0.456 0.453 0.447 0.435 0.435 0.440 0.442 0.441 0.441 0.441 0.441 0.440 0.440 0.440 0.440 0.440 0.440 0.440 0.440 0.440 0.439 0.439 0.440 0.441 0.441 0.439 0.437 0.437 0.438 0.436 0.436 0.436 0.436 0.433 0.433 0.433 0.432 0.430 0.430 0.430 0.430 0.428 0.427 0.425 0.424 0.429 0.430 0.431 0.431 0.429 0.435 0.447 0.447
0.454 0.454 0.454 0.454 0.454 0.454 0.454 0.454 0.454 0.454 0.454 0.454 0.454 0.454 0.454 0.454 0.454 0.454 0.455 0.456 0.456 0.456 0.455 0.450 0.444 0.424 0.424 0.428 0.436 0.442 0.441 0.440 0.440 0.440 0.440 0.441 0.440 0.440 0.440 0.440 0.440 0.440 0.438 0.438 0.439 0.441 0.441 0.436 0.429 0.429 0.428 0.428 0.428 0.428 0.428 0.428 0.428 0.428 0.428 0.428 0.427 0.428 0.428 0.426 0.426 0.425 0.425 0.427 0.429 0.431 0.431 0.431 0.433 0.442 0.445
0.454 0.454 0.454 0.454 0.454 0.454 0.454 0.454 0.454 0.454 0.454 0.454 0.454 0.454 0.454 0.454 0.456 0.456 0.456 0.456 0.456 0.456 0.453 0.450 0.434 0.420 0.418 0.423 0.427 0.434 0.441 0.441 0.440 0.441 0.441 0.442 0.441 0.441 0.441 0.440 0.440 0.440 0.439 0.439 0.440 0.441 0.440 0.435 0.429 0.428 0.428 0.428 0.428 0.427 0.427 0.427 0.427 0.427 0.427 0.427 0.428 0.427 0.427 0.426 0.426 0.426 0.426 0.428 0.429 0.430 0.431 0.432 0.432 0.434 0.438
0.454 0.454 0.454 0.454 0.454 0.454 0.454 0.454 0.454 0.454 0.454 0.454 0.454 0.454 0.454 0.456 0.456 0.456 0.456 0.456 0.456 0.455 0.451 0.447 0.427 0.421 0.422 0.425 0.426 0.428 0.433 0.440 0.441 0.441 0.441 0.441 0.441 0.441 0.441 0.441 0.442 0.441 0.440 0.440 0.441 0.440 0.439 0.434 0.429 0.428 0.427 0.427 0.427 0.427 0.427 0.427 0.427 0.426 0.426 0.427 0.428 0.427 0.427 0.426 0.427 0.427 0.426 0.428 0.428 0.429 0.430 0.432 0.433 0.432 0.434
0.454 0.454 0.454 0.454 0.454 0.454 0.454 0.454 0.454 0.454 0.454 0.454 0.454 0.454 0.454 0.455 0.456 0.456 0.456 0.456 0.456 0.452 0.442 0.431 0.424 0.424 0.424 0.426 0.425 0.425 0.427 0.431 0.433 0.436 0.435 0.435 0.436 0.436 0.437 0.438 0.438 0.438 0.436 0.436 0.437 0.438 0.438 0.434 0.430 0.430 0.429 0.429 0.429 0.429 0.429 0.429 0.429 0.429 0.429 0.429 0.428 0.429 0.429 0.427 0.427 0.427 0.427 0.428 0.427 0.429 0.430 0.431 0.433 0.434 0.435
0.454 0.454 0.454 0.454 0.454 0.454 0.454 0.454 0.454 0.454 0.454 0.454 0.454 0.454 0.454 0.454 0.456 0.456 0.456 0.456 0.455 0.451 0.433 0.424 0.426 0.427 0.426 0.425 0.424 0.425 0.426 0.427 0.432 0.437 0.437 0.437 0.437 0.437 0.437 0.437 0.438 0.438 0.438 0.438 0.438 0.438 0.437 0.433 0.431 0.431 0.431 0.430 0.430 0.430 0.430 0.430 0.430 0.430 0.430 0.430 0.429 0.429 0.430 0.428 0.427 0.427 0.428 0.428 0.426 0.427 0.428 0.430 0.432 0.434 0.437
0.454 0.454 0.454 0.454 0.454 0.454 0.454 0.454 0.454 0.454 0.454 0.454 0.454 0.454 0.454 0.456 0.456 0.456 0.456 0.456 0.456 0.447 0.426 0.426 0.427 0.426 0.425 0.425 0.426 0.425 0.425 0.426 0.427 0.434 0.436 0.436 0.436 0.436 0.436 0.436 0.436 0.437 0.437 0.437 0.436 0.436 0.434 0.432 0.431 0.431 0.431 0.431 0.430 0.430 0.430 0.430 0.430 0.430 0.430 0.430 0.430 0.429 0.429 0.428 0.428 0.428 0.428 0.426 0.425 0.426 0.427 0.430 0.431 0.434 0.436
0.454 0.454 0.454 0.454 0.454 0.454 0.454 0.454 0.454 0.454 0.454 0.454 0.454 0.454 0.455 0.456 0.456 0.456 0.456 0.455 0.452 0.437 0.427 0.427 0.427 0.426 0.426 0.426 0.427 0.426 0.425 0.426 0.426 0.428 0.433 0.437 0.436 0.435 0.434 0.433 0.435 0.435 0.435 0.434 0.434 0.433 0.433 0.432 0.431 0.431 0.431 0.431 0.431 0.431 0.431 0.431 0.431 0.431 0.430 0.430 0.430 0.430 0.429 0.430 0.430 0.427 0.426 0.425 0.424 0.425 0.427 0.429 0.431 0.433 0.435
0.454 0.454 0.454 0.454 0.454 0.454 0.454 0.454 0.454 0.454 0.454 0.454 0.454 0.454 0.456 0.456 0.456 0.456 0.455 0.450 0.439 0.430 0.428 0.427 0.427 0.426 0.427 0.427 0.426 0.427 0.427 0.426 0.426 0.427 0.428 0.434 0.436 0.435 0.434 0.433 0.434 0.432 0.431 0.432 0.432 0.431 0.432 0.431 0.431 0.431 0.431 0.431 0.430 0.431 0.430 0.430 0.430 0.430 0.430 0.430 0.429 0.429 0.429 0.430 0.429 0.426 0.424 0.424 0.424 0.425 0.426 0.429 0.432 0.433 0.435
0.454 0.454 0.454 0.454 0.454 0.454 0.454 0.454 0.454 0.454 0.454 0.454 0.454 0.455 0.456 0.456 0.456 0.456 0.452 0.438 0.430 0.428 0.427 0.427 0.427 0.427 0.427 0.426 0.425 0.425 0.427 0.427 0.426 0.426 0.427 0.428 0.433 0.436 0.435 0.434 0.433 0.432 0.431 0.431 0.432 0.431 0.432 0.432 0.432 0.432 0.431 0.432 0.432 0.432 0.432 0.431 0.431 0.431 0.431 0.431 0.430 0.430 0.430 0.430 0.429 0.425 0.423 0.423 0.423 0.426 0.427 0.430 0.432 0.434 0.436
0.454 0.454 0.454 0.454 0.454 0.454 0.454 0.454 0.454 0.454 0.454 0.454 0.454 0.456 0.456 0.456 0.456 0.455 0.441 0.430 0.429 0.429 0.428 0.428 0.428 0.427 0.426 0.425 0.425 0.425 0.426 0.428 0.427 0.427 0.427 0.427 0.428 0.433 0.435 0.434 0.433 0.432 0.431 0.431 0.432 0.432 0.433 0.432 0.432 0.432 0.432 0.432 0.432 0.432 0.432 0.432 0.432 0.431 0.431 0.432 0.432 0.431 0.431 0.430 0.426 0.424 0.422 0.421 0.422 0.426 0.429 0.431 0.433 0.434 0.436
0.454 0.454 0.454 0.454 0.454 0.454 0.454 0.454 0.454 0.454 0.454 0.454 0.456 0.456 0.456 0.456 0.456 0.446 0.430 0.430 0.429 0.429 0.429 0.428 0.428 0.427 0.427 0.425 0.424 0.425 0.425 0.424 0.428 0.428 0.427 0.427 0.428 0.429 0.433 0.434 0.433 0.432 0.432 0.432 0.432 0.432 0.432 0.433 0.432 0.433 0.432 0.432 0.432 0.432 0.432 0.432 0.432 0.432 0.432 0.432 0.432 0.432 0.432 0.429 0.425 0.423 0.421 0.422 0.424 0.427 0.430 0.431 0.433 0.435 0.435
0.454 0.454 0.454 0.454 0.454 0.454 0.454 0.454 0.454 0.454 0.454 0.454 0.456 0.456 0.456 0.456 0.451 0.432 0.429 0.430 0.429 0.429 0.429 0.429 0.428 0.427 0.427 0.424 0.424 0.426 0.425 0.425 0.427 0.428 0.428 0.428 0.428 0.429 0.430 0.433 0.432 0.429 0.425 0.425 0.427 0.426 0.426 0.427 0.427 0.427 0.427 0.427 0.427 0.428 0.427 0.427 0.427 0.427 0.427 0.426 0.424 0.423 0.422 0.420 0.422 0.420 0.420 0.422 0.425 0.428 0.430 0.432 0.432 0.433 0.435
0.454 0.454 0.454 0.454 0.454 0.454 0.454 0.454 0.454 0.454 0.454 0.454 0.456 0.456 0.456 0.453 0.433 0.430 0.429 0.428 0.428 0.429 0.429 0.428 0.428 0.427 0.426 0.425 0.425 0.425 0.426 0.426 0.427 0.428 0.428 0.429 0.429 0.429 0.430 0.431 0.430 0.427 0.417 0.413 0.414 0.416 0.417 0.414 0.414 0.413 0.413 0.414 0.414 0.417 0.416 0.415 0.416 0.417 0.416 0.416 0.416 0.416 0.416 0.415 0.418 0.419 0.421 0.423 0.425 0.428 0.430 0.431 0.431 0.434 0.438
0.454 0.454 0.454 0.454 0.454 0.454 0.454 0.454 0.454 0.454 0.454 0.454 0.456 0.456 0.454 0.435 0.430 0.429 0.429 0.428 0.428 0.430 0.429 0.429 0.428 0.427 0.426 0.425 0.425 0.425 0.425 0.426 0.426 0.425 0.427 0.429 0.429 0.430 0.429 0.429 0.428 0.426 0.416 0.414 0.414 0.417 0.417 0.414 0.413 0.413 0.413 0.413 0.413 0.416 0.416 0.415 0.416 0.417 0.415 0.416 0.417 0.416 0.416 0.415 0.417 0.419 0.422 0.424 0.426 0.429 0.429 0.430 0.435 0.441 0.444
0.454 0.454 0.454 0.454 0.454 0.454 0.454 0.454 0.454 0.454 0.454 0.455 0.456 0.455 0.438 0.431 0.430 0.429 0.429 0.430 0.430 0.429 0.429 0.429 0.429 0.427 0.426 0.425 0.425 0.423 0.423 0.423 0.424 0.427 0.428 0.429 0.429 0.430 0.429 0.427 0.426 0.426 0.419 0.418 0.418 0.417 0.416 0.416 0.416 0.415 0.415 0.415 0.415 0.415 0.416 0.416 0.416 0.415 0.415 0.416 0.418 0.416 0.415 0.415 0.418 0.421 0.423 0.425 0.427 0.428 0.428 0.434 0.442 0.445 0.445
0.454 0.456 0.454 0.454 0.454 0.454 0.454 0.454 0.454 0.454 0.454 0.455 0.456 0.442 0.432 0.430 0.430 0.429 0.429 0.431 0.430 0.430 0.430 0.429 0.429 0.428 0.427 0.426 0.425 0.423 0.423 0.423 0.423 0.427 0.428 0.429 0.430 0.430 0.430 0.425 0.424 0.424 0.419 0.418 0.418 0.417 0.416 0.416 0.416 0.415 0.415 0.414 0.414 0.414 0.415 0.416 0.415 0.414 0.414 0.416 0.418 0.417 0.416 0.415 0.419 0.422 0.423 0.425 0.426 0.427 0.432 0.442 0.445 0.445 0.445
0.454 0.455 0.454 0.454 0.454 0.454 0.454 0.454 0.454 0.454 0.454 0.454 0.445 0.435 0.433 0.431 0.431 0.432 0.431 0.431 0.430 0.429 0.428 0.428 0.428 0.429 0.428 0.427 0.425 0.423 0.422 0.423 0.424 0.427 0.429 0.430 0.431 0.428 0.427 0.423 0.422 0.420 0.417 0.417 0.417 0.418 0.417 0.417 0.417 0.416 0.417 0.417 0.417 0.417 0.417 0.418 0.417 0.416 0.417 0.417 0.417 0.419 0.415 0.416 0.420 0.421 0.423 0.424 0.425 0.431 0.439 0.445 0.445 0.445 0.445
0.454 0.455 0.454 0.454 0.454 0.454 0.454 0.454 0.454 0.454 0.454 0.449 0.435 0.434 0.433 0.431 0.431 0.432 0.431 0.431 0.431 0.429 0.428 0.427 0.427 0.429 0.428 0.428 0.426 0.423 0.423 0.423 0.424 0.427 0.428 0.428 0.425 0.422 0.421 0.422 0.421 0.417 0.417 0.418 0.418 0.418 0.418 0.418 0.418 0.418 0.418 0.417 0.417 0.418 0.418 0.418 0.418 0.417 0.417 0.417 0.416 0.417 0.414 0.418 0.419 0.421 0.423 0.423 0.430 0.436 0.438 0.444 0.445 0.445 0.445
