COT Code backup/VWCL0005N0001.asc
ncols         676
nrows         635
xllcorner     24483.000000
yllcorner     28694.204819
cellsize      5.000000
NODATA_value  -9999.0
[rows 363 to 395 of 635, columns 150 to 224 of 676]
0.349 0.349 0.349 0.349 0.349 0.349 0.349 0.349 0.349 0.349 0.349 0.349 0.349 0.349 0.349 0.349 0.349 0.350 0.352 0.353 0.364 0.386 0.401 0.401 0.401 0.400 0.401 0.402 0.402 0.402 0.402 0.402 0.406 0.415 0.414 0.412 0.410 0.408 0.410 0.408 0.409 0.409 0.409 0.410 0.411 0.411 0.413 0.414 0.417 0.417 0.423 0.430 0.448 0.456 0.456 0.456 0.452 0.450 0.451 0.454 0.456 0.456 0.456 0.456 0.456 0.456 0.456 0.456 0.454 0.452 0.452 0.452 0.452 0.452 0.452
0.349 0.349 0.349 0.349 0.349 0.349 0.349 0.349 0.349 0.349 0.349 0.349 0.349 0.349 0.349 0.349 0.349 0.351 0.356 0.355 0.358 0.374 0.396 0.403 0.402 0.401 0.402 0.402 0.403 0.403 0.403 0.403 0.406 0.415 0.415 0.413 0.412 0.411 0.412 0.411 0.410 0.410 0.411 0.411 0.412 0.412 0.413 0.415 0.420 0.423 0.430 0.441 0.456 0.456 0.450 0.447 0.448 0.450 0.452 0.455 0.456 0.456 0.456 0.456 0.454 0.454 0.454 0.455 0.454 0.454 0.454 0.455 0.455 0.455 0.456
0.349 0.349 0.349 0.349 0.349 0.349 0.349 0.349 0.349 0.349 0.349 0.349 0.349 0.349 0.349 0.349 0.349 0.349 0.356 0.357 0.358 0.364 0.387 0.403 0.402 0.402 0.403 0.403 0.403 0.403 0.404 0.404 0.405 0.416 0.416 0.416 0.415 0.415 0.413 0.413 0.412 0.411 0.412 0.413 0.413 0.414 0.416 0.420 0.421 0.428 0.441 0.452 0.447 0.443 0.445 0.447 0.449 0.453 0.456 0.456 0.455 0.450 0.446 0.444 0.443 0.443 0.442 0.443 0.442 0.443 0.444 0.445 0.445 0.444 0.446
0.349 0.349 0.349 0.349 0.349 0.349 0.349 0.349 0.349 0.349 0.349 0.349 0.349 0.349 0.349 0.349 0.349 0.349 0.349 0.361 0.360 0.362 0.374 0.395 0.402 0.403 0.403 0.403 0.403 0.403 0.405 0.405 0.405 0.411 0.417 0.417 0.417 0.417 0.416 0.415 0.414 0.414 0.414 0.414 0.415 0.417 0.420 0.421 0.427 0.438 0.447 0.441 0.441 0.444 0.445 0.447 0.448 0.450 0.446 0.445 0.442 0.440 0.438 0.438 0.437 0.437 0.437 0.437 0.436 0.438 0.440 0.441 0.440 0.437 0.434
0.349 0.349 0.349 0.349 0.349 0.349 0.349 0.349 0.349 0.349 0.349 0.349 0.349 0.349 0.349 0.349 0.349 0.349 0.349 0.355 0.367 0.364 0.365 0.381 0.403 0.406 0.404 0.403 0.403 0.404 0.405 0.406 0.406 0.406 0.412 0.418 0.418 0.418 0.417 0.417 0.416 0.416 0.416 0.417 0.419 0.420 0.422 0.428 0.438 0.440 0.437 0.440 0.442 0.443 0.443 0.444 0.442 0.438 0.442 0.440 0.441 0.440 0.439 0.437 0.436 0.437 0.437 0.436 0.436 0.437 0.437 0.438 0.437 0.436 0.433
0.349 0.349 0.349 0.349 0.349 0.349 0.349 0.349 0.349 0.349 0.349 0.349 0.349 0.349 0.349 0.349 0.349 0.349 0.349 0.349 0.362 0.366 0.366 0.369 0.389 0.409 0.405 0.404 0.404 0.405 0.406 0.406 0.407 0.407 0.407 0.410 0.417 0.418 0.418 0.418 0.418 0.418 0.419 0.421 0.421 0.421 0.427 0.437 0.435 0.435 0.438 0.440 0.440 0.440 0.437 0.434 0.431 0.433 0.437 0.442 0.441 0.440 0.439 0.438 0.437 0.438 0.437 0.437 0.437 0.436 0.436 0.436 0.435 0.435 0.431
0.349 0.349 0.349 0.349 0.349 0.349 0.349 0.349 0.349 0.349 0.349 0.349 0.349 0.349 0.349 0.349 0.349 0.349 0.349 0.349 0.349 0.366 0.368 0.369 0.375 0.398 0.410 0.405 0.404 0.405 0.406 0.407 0.407 0.408 0.407 0.408 0.409 0.415 0.419 0.419 0.419 0.420 0.422 0.422 0.422 0.427 0.435 0.431 0.433 0.436 0.437 0.439 0.440 0.437 0.432 0.430 0.431 0.436 0.440 0.442 0.441 0.440 0.440 0.440 0.440 0.440 0.439 0.439 0.439 0.438 0.437 0.437 0.437 0.436 0.431
0.352 0.349 0.349 0.349 0.349 0.349 0.349 0.349 0.349 0.349 0.349 0.349 0.349 0.349 0.349 0.349 0.349 0.349 0.349 0.349 0.349 0.351 0.370 0.371 0.373 0.380 0.400 0.410 0.407 0.406 0.407 0.407 0.407 0.407 0.407 0.408 0.409 0.410 0.414 0.416 0.418 0.422 0.423 0.422 0.428 0.433 0.428 0.431 0.434 0.435 0.436 0.434 0.437 0.440 0.437 0.434 0.437 0.440 0.441 0.442 0.441 0.441 0.442 0.442 0.442 0.442 0.442 0.442 0.442 0.440 0.440 0.440 0.439 0.438 0.431
0.358 0.349 0.349 0.349 0.349 0.349 0.349 0.349 0.349 0.349 0.349 0.349 0.349 0.349 0.349 0.349 0.349 0.349 0.349 0.349 0.349 0.349 0.353 0.373 0.375 0.377 0.381 0.396 0.409 0.410 0.407 0.407 0.407 0.407 0.408 0.408 0.408 0.410 0.412 0.414 0.419 0.422 0.421 0.428 0.433 0.425 0.429 0.432 0.432 0.433 0.432 0.431 0.433 0.436 0.441 0.441 0.441 0.441 0.442 0.442 0.442 0.443 0.444 0.443 0.443 0.442 0.442 0.442 0.442 0.441 0.441 0.441 0.441 0.439 0.433
0.367 0.349 0.349 0.349 0.349 0.349 0.349 0.349 0.349 0.349 0.349 0.349 0.349 0.349 0.349 0.349 0.349 0.349 0.349 0.349 0.349 0.349 0.349 0.363 0.379 0.378 0.381 0.383 0.391 0.406 0.412 0.408 0.407 0.408 0.408 0.407 0.407 0.409 0.411 0.415 0.416 0.421 0.427 0.430 0.422 0.425 0.429 0.430 0.430 0.430 0.430 0.435 0.436 0.436 0.441 0.442 0.442 0.442 0.442 0.443 0.444 0.445 0.444 0.443 0.444 0.444 0.443 0.443 0.443 0.442 0.442 0.442 0.441 0.439 0.435
0.371 0.353 0.349 0.349 0.349 0.349 0.349 0.349 0.349 0.349 0.349 0.349 0.349 0.349 0.349 0.349 0.349 0.349 0.349 0.349 0.349 0.349 0.349 0.349 0.360 0.379 0.384 0.385 0.387 0.390 0.401 0.412 0.411 0.409 0.408 0.408 0.410 0.412 0.413 0.414 0.417 0.419 0.426 0.421 0.421 0.426 0.429 0.428 0.429 0.428 0.434 0.437 0.437 0.437 0.438 0.442 0.443 0.443 0.444 0.445 0.445 0.445 0.445 0.445 0.444 0.444 0.444 0.444 0.443 0.442 0.442 0.442 0.442 0.439 0.437
0.374 0.357 0.351 0.351 0.349 0.349 0.349 0.349 0.349 0.349 0.349 0.349 0.349 0.349 0.349 0.349 0.349 0.349 0.349 0.349 0.349 0.349 0.349 0.349 0.349 0.355 0.374 0.387 0.389 0.390 0.392 0.397 0.408 0.414 0.411 0.410 0.411 0.413 0.414 0.416 0.417 0.420 0.421 0.422 0.424 0.426 0.426 0.427 0.429 0.430 0.435 0.438 0.438 0.438 0.437 0.443 0.444 0.443 0.445 0.446 0.446 0.446 0.446 0.444 0.443 0.443 0.443 0.443 0.442 0.441 0.441 0.441 0.442 0.437 0.437
0.377 0.373 0.365 0.354 0.349 0.349 0.349 0.349 0.349 0.349 0.349 0.349 0.349 0.349 0.349 0.349 0.349 0.349 0.349 0.349 0.349 0.349 0.349 0.349 0.349 0.349 0.350 0.363 0.388 0.394 0.394 0.396 0.398 0.404 0.413 0.413 0.411 0.413 0.415 0.417 0.415 0.419 0.419 0.421 0.423 0.425 0.424 0.424 0.426 0.430 0.433 0.436 0.437 0.437 0.439 0.444 0.443 0.443 0.445 0.447 0.447 0.446 0.447 0.444 0.444 0.444 0.444 0.444 0.443 0.442 0.442 0.442 0.442 0.436 0.436
0.391 0.389 0.373 0.364 0.359 0.355 0.351 0.350 0.349 0.349 0.349 0.349 0.349 0.349 0.349 0.349 0.349 0.349 0.349 0.349 0.349 0.349 0.349 0.349 0.349 0.349 0.349 0.349 0.364 0.377 0.398 0.400 0.399 0.401 0.404 0.410 0.413 0.412 0.415 0.415 0.418 0.416 0.416 0.421 0.423 0.422 0.419 0.412 0.410 0.413 0.417 0.421 0.424 0.428 0.429 0.436 0.436 0.438 0.443 0.448 0.448 0.447 0.447 0.445 0.445 0.445 0.445 0.445 0.443 0.443 0.442 0.442 0.441 0.436 0.435
0.414 0.398 0.390 0.386 0.382 0.376 0.367 0.359 0.352 0.349 0.349 0.349 0.349 0.349 0.349 0.349 0.349 0.349 0.349 0.349 0.349 0.349 0.349 0.349 0.349 0.349 0.349 0.349 0.349 0.361 0.375 0.389 0.404 0.403 0.405 0.406 0.409 0.415 0.414 0.415 0.418 0.414 0.417 0.421 0.421 0.420 0.410 0.397 0.393 0.394 0.396 0.399 0.402 0.408 0.412 0.420 0.423 0.429 0.434 0.442 0.445 0.445 0.445 0.445 0.446 0.446 0.445 0.445 0.444 0.443 0.443 0.444 0.441 0.437 0.437
0.423 0.416 0.415 0.410 0.403 0.396 0.388 0.377 0.363 0.354 0.351 0.349 0.350 0.350 0.349 0.350 0.350 0.349 0.350 0.349 0.349 0.349 0.349 0.349 0.349 0.349 0.349 0.349 0.349 0.349 0.358 0.373 0.394 0.404 0.407 0.409 0.410 0.412 0.414 0.415 0.415 0.414 0.419 0.421 0.420 0.417 0.402 0.391 0.389 0.391 0.390 0.390 0.391 0.392 0.395 0.399 0.401 0.405 0.411 0.416 0.420 0.421 0.423 0.425 0.427 0.428 0.431 0.435 0.432 0.431 0.431 0.432 0.428 0.427 0.426
0.444 0.443 0.440 0.433 0.427 0.419 0.409 0.396 0.381 0.366 0.356 0.352 0.351 0.351 0.350 0.351 0.350 0.350 0.350 0.349 0.349 0.349 0.349 0.349 0.349 0.349 0.349 0.349 0.349 0.349 0.360 0.375 0.388 0.397 0.406 0.411 0.412 0.414 0.415 0.415 0.418 0.420 0.421 0.421 0.420 0.415 0.398 0.391 0.392 0.391 0.390 0.390 0.390 0.391 0.391 0.393 0.393 0.393 0.394 0.394 0.394 0.394 0.395 0.396 0.398 0.400 0.402 0.403 0.405 0.403 0.405 0.407 0.403 0.404 0.405
0.456 0.456 0.456 0.454 0.449 0.443 0.432 0.417 0.401 0.385 0.371 0.359 0.353 0.352 0.352 0.352 0.352 0.352 0.351 0.351 0.350 0.350 0.349 0.349 0.349 0.349 0.349 0.349 0.349 0.351 0.366 0.381 0.392 0.401 0.409 0.415 0.416 0.417 0.416 0.417 0.418 0.420 0.420 0.421 0.420 0.411 0.394 0.392 0.392 0.391 0.391 0.390 0.390 0.390 0.390 0.391 0.392 0.393 0.393 0.392 0.392 0.392 0.391 0.390 0.391 0.391 0.390 0.389 0.389 0.388 0.388 0.388 0.383 0.384 0.385
0.452 0.452 0.452 0.455 0.456 0.456 0.452 0.437 0.420 0.404 0.389 0.372 0.358 0.352 0.349 0.349 0.349 0.349 0.349 0.349 0.349 0.349 0.349 0.349 0.349 0.349 0.349 0.349 0.349 0.361 0.378 0.391 0.402 0.409 0.417 0.420 0.421 0.427 0.425 0.422 0.422 0.421 0.420 0.421 0.420 0.407 0.393 0.391 0.392 0.392 0.391 0.391 0.391 0.391 0.390 0.391 0.391 0.393 0.393 0.392 0.392 0.392 0.391 0.391 0.391 0.392 0.391 0.389 0.389 0.389 0.388 0.385 0.380 0.380 0.380
0.452 0.452 0.452 0.452 0.452 0.453 0.456 0.453 0.439 0.423 0.406 0.387 0.369 0.357 0.351 0.349 0.349 0.349 0.349 0.349 0.349 0.349 0.349 0.349 0.349 0.349 0.349 0.349 0.350 0.359 0.377 0.396 0.412 0.421 0.423 0.423 0.428 0.428 0.427 0.423 0.422 0.424 0.422 0.422 0.420 0.402 0.393 0.392 0.393 0.392 0.392 0.394 0.394 0.393 0.393 0.392 0.392 0.394 0.393 0.393 0.392 0.392 0.391 0.391 0.391 0.392 0.392 0.390 0.389 0.389 0.388 0.385 0.381 0.381 0.381
0.452 0.452 0.452 0.452 0.452 0.452 0.453 0.456 0.454 0.441 0.422 0.401 0.382 0.363 0.355 0.349 0.349 0.349 0.349 0.349 0.349 0.349 0.349 0.349 0.349 0.349 0.349 0.349 0.350 0.363 0.382 0.401 0.418 0.427 0.427 0.427 0.429 0.429 0.427 0.426 0.425 0.425 0.424 0.424 0.420 0.400 0.394 0.394 0.393 0.393 0.394 0.394 0.394 0.394 0.394 0.394 0.394 0.397 0.396 0.396 0.395 0.394 0.393 0.392 0.392 0.393 0.392 0.391 0.390 0.389 0.389 0.384 0.382 0.382 0.382
0.452 0.452 0.452 0.452 0.452 0.452 0.452 0.453 0.456 0.454 0.437 0.414 0.392 0.371 0.357 0.354 0.349 0.349 0.349 0.349 0.349 0.349 0.349 0.349 0.349 0.349 0.349 0.351 0.352 0.368 0.387 0.407 0.424 0.429 0.429 0.429 0.430 0.430 0.430 0.430 0.429 0.429 0.426 0.425 0.420 0.399 0.395 0.395 0.394 0.395 0.395 0.395 0.395 0.395 0.395 0.394 0.395 0.397 0.397 0.397 0.397 0.396 0.396 0.396 0.396 0.395 0.393 0.392 0.391 0.391 0.391 0.384 0.383 0.383 0.383
0.452 0.452 0.452 0.452 0.452 0.452 0.452 0.452 0.452 0.456 0.448 0.424 0.401 0.380 0.361 0.357 0.351 0.349 0.349 0.349 0.349 0.349 0.349 0.349 0.349 0.349 0.349 0.351 0.354 0.372 0.392 0.411 0.427 0.429 0.429 0.431 0.433 0.432 0.432 0.431 0.431 0.430 0.428 0.427 0.418 0.398 0.395 0.396 0.396 0.396 0.396 0.396 0.396 0.395 0.395 0.395 0.396 0.398 0.398 0.398 0.397 0.397 0.396 0.396 0.397 0.396 0.394 0.394 0.394 0.394 0.393 0.385 0.385 0.385 0.384
0.452 0.452 0.452 0.452 0.452 0.452 0.452 0.452 0.452 0.455 0.454 0.433 0.411 0.390 0.370 0.358 0.356 0.349 0.349 0.349 0.349 0.349 0.349 0.349 0.349 0.349 0.349 0.352 0.357 0.377 0.397 0.416 0.429 0.430 0.431 0.433 0.434 0.434 0.434 0.432 0.431 0.430 0.430 0.428 0.414 0.397 0.397 0.397 0.397 0.397 0.397 0.396 0.396 0.396 0.396 0.396 0.397 0.398 0.398 0.399 0.399 0.398 0.398 0.398 0.398 0.397 0.395 0.394 0.394 0.394 0.392 0.386 0.386 0.386 0.386
0.452 0.452 0.452 0.452 0.452 0.452 0.452 0.452 0.452 0.455 0.456 0.442 0.422 0.401 0.380 0.363 0.359 0.356 0.353 0.352 0.351 0.349 0.349 0.349 0.349 0.349 0.351 0.353 0.362 0.382 0.401 0.419 0.431 0.431 0.432 0.434 0.435 0.435 0.434 0.433 0.433 0.431 0.431 0.429 0.412 0.399 0.399 0.399 0.398 0.398 0.397 0.396 0.397 0.397 0.397 0.397 0.398 0.399 0.399 0.399 0.399 0.398 0.398 0.398 0.400 0.398 0.395 0.396 0.396 0.396 0.392 0.387 0.387 0.387 0.387
0.452 0.452 0.452 0.452 0.452 0.452 0.452 0.452 0.452 0.452 0.456 0.450 0.432 0.412 0.391 0.371 0.362 0.360 0.360 0.360 0.359 0.357 0.355 0.353 0.350 0.350 0.353 0.353 0.367 0.386 0.405 0.422 0.433 0.432 0.433 0.436 0.436 0.436 0.435 0.433 0.434 0.433 0.432 0.431 0.426 0.415 0.411 0.407 0.403 0.401 0.400 0.399 0.398 0.398 0.398 0.397 0.399 0.399 0.400 0.400 0.400 0.399 0.399 0.398 0.402 0.400 0.394 0.395 0.396 0.395 0.390 0.388 0.388 0.388 0.388
0.452 0.452 0.452 0.452 0.452 0.452 0.452 0.452 0.452 0.452 0.455 0.456 0.444 0.423 0.402 0.383 0.371 0.367 0.365 0.364 0.367 0.362 0.359 0.359 0.358 0.357 0.355 0.357 0.371 0.390 0.410 0.427 0.434 0.433 0.434 0.437 0.437 0.437 0.436 0.435 0.435 0.435 0.434 0.434 0.432 0.432 0.431 0.429 0.426 0.422 0.417 0.411 0.406 0.404 0.400 0.400 0.401 0.402 0.401 0.400 0.400 0.400 0.400 0.400 0.405 0.401 0.395 0.395 0.395 0.395 0.388 0.387 0.387 0.387 0.388
0.452 0.452 0.452 0.452 0.452 0.452 0.452 0.452 0.452 0.452 0.452 0.456 0.454 0.438 0.417 0.398 0.389 0.386 0.383 0.381 0.388 0.378 0.372 0.370 0.367 0.366 0.364 0.365 0.376 0.395 0.414 0.430 0.435 0.434 0.435 0.438 0.438 0.438 0.437 0.436 0.437 0.437 0.436 0.435 0.434 0.434 0.433 0.432 0.431 0.430 0.428 0.426 0.424 0.422 0.419 0.414 0.412 0.409 0.406 0.406 0.401 0.399 0.400 0.402 0.408 0.401 0.396 0.396 0.395 0.394 0.386 0.386 0.387 0.387 0.387
0.452 0.452 0.452 0.452 0.452 0.452 0.452 0.452 0.452 0.452 0.452 0.452 0.456 0.451 0.433 0.415 0.408 0.406 0.405 0.402 0.409 0.398 0.395 0.392 0.389 0.387 0.385 0.382 0.384 0.399 0.419 0.433 0.435 0.435 0.437 0.439 0.439 0.438 0.438 0.438 0.438 0.439 0.438 0.437 0.434 0.433 0.432 0.432 0.431 0.430 0.429 0.427 0.426 0.425 0.424 0.422 0.423 0.421 0.419 0.417 0.414 0.411 0.407 0.407 0.411 0.402 0.398 0.397 0.397 0.394 0.388 0.388 0.388 0.388 0.388
0.452 0.452 0.452 0.452 0.452 0.452 0.452 0.452 0.452 0.452 0.452 0.452 0.453 0.456 0.447 0.433 0.429 0.427 0.425 0.422 0.426 0.419 0.416 0.413 0.411 0.409 0.406 0.404 0.401 0.405 0.423 0.436 0.436 0.436 0.438 0.440 0.439 0.439 0.439 0.440 0.439 0.440 0.440 0.438 0.444 0.446 0.441 0.436 0.431 0.429 0.427 0.427 0.426 0.424 0.424 0.422 0.424 0.422 0.421 0.420 0.418 0.417 0.415 0.414 0.413 0.408 0.405 0.401 0.399 0.393 0.387 0.387 0.388 0.388 0.389
0.452 0.452 0.452 0.452 0.452 0.452 0.452 0.452 0.452 0.452 0.452 0.452 0.452 0.454 0.455 0.440 0.440 0.440 0.439 0.439 0.439 0.436 0.435 0.433 0.431 0.429 0.427 0.425 0.422 0.420 0.427 0.437 0.437 0.437 0.440 0.440 0.440 0.440 0.440 0.440 0.441 0.442 0.442 0.441 0.450 0.451 0.449 0.443 0.436 0.432 0.428 0.427 0.428 0.425 0.424 0.423 0.424 0.423 0.421 0.420 0.419 0.417 0.416 0.415 0.412 0.411 0.410 0.408 0.406 0.399 0.395 0.392 0.390 0.388 0.386
0.452 0.452 0.452 0.452 0.452 0.452 0.452 0.452 0.452 0.452 0.452 0.452 0.452 0.452 0.456 0.442 0.440 0.440 0.440 0.440 0.440 0.440 0.439 0.438 0.438 0.438 0.438 0.438 0.437 0.437 0.436 0.438 0.437 0.439 0.441 0.441 0.441 0.441 0.441 0.442 0.443 0.443 0.443 0.444 0.452 0.450 0.447 0.444 0.440 0.436 0.432 0.430 0.430 0.427 0.425 0.426 0.427 0.425 0.423 0.421 0.419 0.418 0.416 0.415 0.413 0.411 0.410 0.409 0.408 0.400 0.398 0.396 0.394 0.392 0.390
0.452 0.452 0.452 0.452 0.452 0.452 0.452 0.452 0.452 0.452 0.452 0.452 0.452 0.454 0.456 0.449 0.438 0.437 0.439 0.441 0.441 0.441 0.441 0.440 0.440 0.440 0.439 0.440 0.440 0.439 0.439 0.438 0.438 0.440 0.442 0.442 0.442 0.441 0.442 0.443 0.445 0.444 0.444 0.448 0.452 0.451 0.449 0.447 0.445 0.443 0.441 0.434 0.432 0.428 0.427 0.427 0.429 0.428 0.429 0.428 0.424 0.422 0.420 0.416 0.411 0.410 0.409 0.408 0.405 0.397 0.397 0.396 0.395 0.393 0.392
