COT Code backup/VWCL0005N0001.asc
ncols         676
nrows         635
xllcorner     24483.000000
yllcorner     28694.204819
cellsize      5.000000
NODATA_value  -9999.0
[rows 363 to 395 of 635, columns 225 to 299 of 676]
0.455 0.456 0.456 0.456 0.456 0.456 0.456 0.456 0.456 0.452 0.435 0.423 0.409 0.409 0.409 0.409 0.409 0.409 0.408 0.407 0.406 0.404 0.403 0.403 0.402 0.403 0.403 0.402 0.401 0.399 0.398 0.399 0.400 0.399 0.399 0.400 0.392 0.392 0.391 0.390 0.391 0.391 0.391 0.391 0.391 0.391 0.391 0.391 0.390 0.390 0.390 0.390 0.390 0.390 0.390 0.390 0.390 0.390 0.390 0.389 0.388 0.388 0.388 0.389 0.389 0.391 0.392 0.392 0.404 0.410 0.415 0.428 0.429 0.428 0.428
0.456 0.456 0.456 0.456 0.456 0.454 0.452 0.450 0.444 0.436 0.432 0.423 0.409 0.409 0.410 0.410 0.410 0.410 0.409 0.408 0.406 0.404 0.403 0.402 0.402 0.402 0.402 0.402 0.401 0.401 0.399 0.400 0.400 0.398 0.394 0.392 0.391 0.390 0.389 0.388 0.391 0.391 0.391 0.391 0.391 0.391 0.391 0.391 0.391 0.390 0.391 0.391 0.391 0.390 0.390 0.390 0.390 0.389 0.389 0.387 0.388 0.388 0.388 0.388 0.389 0.391 0.391 0.391 0.397 0.411 0.423 0.429 0.430 0.430 0.432
0.441 0.438 0.448 0.456 0.456 0.448 0.440 0.436 0.434 0.433 0.432 0.424 0.410 0.410 0.411 0.410 0.410 0.409 0.409 0.409 0.407 0.405 0.403 0.402 0.402 0.402 0.403 0.402 0.401 0.401 0.399 0.400 0.400 0.395 0.388 0.389 0.388 0.388 0.388 0.388 0.391 0.392 0.392 0.391 0.391 0.391 0.391 0.391 0.391 0.390 0.390 0.390 0.390 0.390 0.390 0.390 0.390 0.390 0.390 0.388 0.386 0.386 0.387 0.387 0.388 0.390 0.389 0.389 0.392 0.403 0.420 0.431 0.430 0.433 0.436
0.429 0.427 0.441 0.455 0.455 0.445 0.436 0.433 0.434 0.433 0.433 0.424 0.411 0.411 0.411 0.410 0.410 0.409 0.408 0.408 0.408 0.407 0.404 0.403 0.403 0.403 0.402 0.401 0.401 0.401 0.400 0.401 0.395 0.385 0.387 0.387 0.387 0.387 0.384 0.388 0.391 0.392 0.392 0.392 0.392 0.392 0.392 0.392 0.392 0.392 0.391 0.391 0.391 0.392 0.391 0.391 0.391 0.391 0.391 0.389 0.386 0.385 0.386 0.386 0.388 0.390 0.390 0.389 0.389 0.390 0.410 0.430 0.434 0.436 0.436
0.429 0.427 0.435 0.452 0.452 0.440 0.435 0.434 0.434 0.434 0.434 0.422 0.411 0.411 0.410 0.410 0.409 0.408 0.407 0.407 0.407 0.407 0.406 0.404 0.404 0.403 0.403 0.402 0.402 0.402 0.401 0.395 0.386 0.385 0.385 0.385 0.385 0.383 0.382 0.387 0.390 0.392 0.393 0.393 0.393 0.392 0.392 0.392 0.393 0.393 0.392 0.392 0.392 0.392 0.392 0.392 0.392 0.392 0.392 0.390 0.384 0.384 0.385 0.386 0.388 0.390 0.391 0.391 0.388 0.390 0.410 0.431 0.437 0.437 0.437
0.429 0.428 0.430 0.447 0.447 0.435 0.434 0.434 0.434 0.434 0.434 0.421 0.410 0.410 0.411 0.410 0.409 0.409 0.408 0.407 0.406 0.406 0.407 0.406 0.404 0.402 0.403 0.403 0.399 0.394 0.394 0.386 0.384 0.383 0.383 0.383 0.381 0.379 0.379 0.385 0.389 0.392 0.392 0.393 0.393 0.393 0.393 0.393 0.393 0.393 0.393 0.393 0.392 0.392 0.393 0.393 0.393 0.393 0.393 0.388 0.383 0.384 0.384 0.386 0.389 0.390 0.391 0.394 0.395 0.399 0.410 0.427 0.435 0.436 0.436
0.430 0.429 0.432 0.442 0.441 0.432 0.435 0.435 0.435 0.435 0.435 0.420 0.411 0.410 0.411 0.409 0.408 0.408 0.407 0.406 0.404 0.404 0.405 0.405 0.404 0.403 0.404 0.402 0.394 0.391 0.382 0.382 0.382 0.382 0.381 0.379 0.379 0.381 0.382 0.383 0.388 0.390 0.391 0.391 0.392 0.393 0.393 0.393 0.393 0.394 0.394 0.394 0.393 0.393 0.393 0.394 0.388 0.380 0.381 0.381 0.382 0.383 0.384 0.387 0.389 0.391 0.391 0.393 0.394 0.398 0.404 0.411 0.417 0.423 0.427
0.431 0.430 0.434 0.439 0.436 0.432 0.436 0.436 0.436 0.436 0.436 0.419 0.411 0.410 0.411 0.410 0.409 0.408 0.407 0.406 0.403 0.402 0.404 0.404 0.404 0.404 0.404 0.400 0.393 0.382 0.380 0.380 0.379 0.380 0.378 0.379 0.381 0.382 0.384 0.386 0.388 0.389 0.390 0.390 0.391 0.391 0.392 0.392 0.392 0.392 0.392 0.393 0.392 0.392 0.392 0.393 0.384 0.372 0.375 0.380 0.381 0.381 0.383 0.384 0.387 0.390 0.391 0.392 0.397 0.401 0.402 0.404 0.406 0.408 0.410
0.432 0.433 0.437 0.435 0.431 0.432 0.437 0.437 0.437 0.437 0.437 0.418 0.411 0.411 0.411 0.410 0.409 0.408 0.407 0.406 0.404 0.403 0.404 0.404 0.404 0.404 0.401 0.395 0.382 0.378 0.377 0.377 0.378 0.376 0.377 0.379 0.381 0.382 0.384 0.384 0.386 0.388 0.388 0.389 0.389 0.389 0.390 0.390 0.390 0.390 0.388 0.390 0.390 0.389 0.389 0.390 0.379 0.373 0.379 0.380 0.380 0.381 0.382 0.382 0.383 0.388 0.391 0.395 0.399 0.400 0.401 0.404 0.406 0.408 0.410
0.435 0.436 0.435 0.431 0.431 0.431 0.434 0.437 0.438 0.437 0.437 0.419 0.413 0.410 0.411 0.411 0.409 0.408 0.407 0.406 0.406 0.405 0.405 0.405 0.405 0.404 0.394 0.379 0.377 0.376 0.375 0.376 0.374 0.375 0.377 0.379 0.381 0.374 0.369 0.370 0.374 0.377 0.379 0.379 0.380 0.380 0.380 0.380 0.380 0.375 0.373 0.372 0.373 0.377 0.374 0.373 0.372 0.377 0.379 0.379 0.380 0.384 0.386 0.385 0.385 0.389 0.393 0.395 0.397 0.398 0.400 0.402 0.405 0.407 0.410
0.437 0.435 0.432 0.432 0.432 0.432 0.432 0.436 0.438 0.438 0.438 0.421 0.416 0.413 0.410 0.411 0.410 0.409 0.408 0.408 0.407 0.407 0.406 0.406 0.404 0.395 0.379 0.375 0.374 0.374 0.374 0.373 0.373 0.375 0.378 0.379 0.373 0.369 0.369 0.370 0.371 0.371 0.371 0.371 0.371 0.371 0.371 0.371 0.371 0.370 0.368 0.368 0.368 0.370 0.374 0.373 0.376 0.378 0.378 0.379 0.384 0.386 0.386 0.387 0.388 0.392 0.394 0.393 0.397 0.400 0.402 0.402 0.404 0.406 0.408
0.436 0.433 0.432 0.432 0.432 0.432 0.432 0.431 0.436 0.439 0.439 0.421 0.417 0.416 0.415 0.411 0.411 0.410 0.410 0.410 0.409 0.408 0.407 0.406 0.394 0.379 0.375 0.374 0.373 0.372 0.370 0.371 0.373 0.376 0.377 0.372 0.368 0.369 0.369 0.369 0.369 0.369 0.369 0.368 0.368 0.368 0.368 0.368 0.368 0.368 0.368 0.368 0.368 0.368 0.373 0.375 0.377 0.378 0.377 0.383 0.387 0.386 0.386 0.386 0.392 0.394 0.393 0.396 0.400 0.403 0.404 0.404 0.405 0.405 0.405
0.435 0.434 0.433 0.433 0.433 0.432 0.430 0.430 0.433 0.437 0.439 0.417 0.417 0.417 0.417 0.414 0.411 0.412 0.412 0.412 0.412 0.411 0.407 0.395 0.379 0.375 0.374 0.373 0.372 0.369 0.370 0.372 0.374 0.375 0.371 0.369 0.369 0.370 0.370 0.370 0.369 0.369 0.369 0.369 0.369 0.369 0.369 0.369 0.368 0.368 0.369 0.369 0.369 0.371 0.375 0.377 0.377 0.377 0.382 0.387 0.386 0.386 0.386 0.390 0.396 0.395 0.394 0.399 0.401 0.403 0.405 0.405 0.405 0.406 0.407
0.436 0.434 0.434 0.434 0.432 0.429 0.429 0.431 0.431 0.432 0.437 0.418 0.418 0.418 0.418 0.418 0.417 0.417 0.417 0.417 0.415 0.410 0.397 0.380 0.376 0.374 0.373 0.372 0.369 0.368 0.370 0.372 0.374 0.371 0.370 0.369 0.370 0.370 0.370 0.370 0.370 0.370 0.370 0.370 0.370 0.370 0.370 0.369 0.369 0.369 0.369 0.369 0.372 0.375 0.377 0.377 0.377 0.383 0.388 0.387 0.386 0.387 0.392 0.395 0.399 0.397 0.397 0.402 0.405 0.406 0.406 0.405 0.405 0.406 0.407
0.436 0.435 0.434 0.431 0.427 0.425 0.428 0.431 0.431 0.431 0.433 0.417 0.419 0.419 0.418 0.418 0.418 0.418 0.418 0.418 0.416 0.397 0.379 0.376 0.375 0.373 0.372 0.369 0.368 0.370 0.371 0.372 0.371 0.370 0.370 0.370 0.371 0.371 0.371 0.371 0.370 0.370 0.370 0.371 0.370 0.370 0.370 0.370 0.370 0.370 0.370 0.372 0.375 0.376 0.377 0.378 0.383 0.388 0.387 0.387 0.387 0.392 0.395 0.400 0.401 0.400 0.399 0.403 0.406 0.406 0.406 0.406 0.406 0.407 0.407
0.426 0.426 0.427 0.426 0.424 0.423 0.425 0.428 0.431 0.432 0.432 0.410 0.417 0.419 0.419 0.419 0.419 0.419 0.418 0.418 0.414 0.389 0.375 0.375 0.373 0.373 0.369 0.367 0.369 0.371 0.372 0.371 0.370 0.370 0.371 0.371 0.372 0.372 0.372 0.371 0.370 0.370 0.371 0.372 0.371 0.371 0.371 0.371 0.372 0.373 0.376 0.376 0.376 0.377 0.378 0.383 0.389 0.387 0.387 0.388 0.393 0.397 0.403 0.404 0.403 0.402 0.402 0.404 0.405 0.407 0.408 0.407 0.406 0.408 0.409
0.406 0.407 0.409 0.412 0.418 0.422 0.423 0.426 0.430 0.433 0.426 0.407 0.410 0.419 0.419 0.419 0.419 0.419 0.419 0.419 0.415 0.389 0.376 0.374 0.371 0.370 0.368 0.368 0.371 0.372 0.373 0.371 0.371 0.371 0.371 0.372 0.372 0.372 0.372 0.371 0.371 0.373 0.374 0.373 0.371 0.371 0.371 0.372 0.375 0.378 0.377 0.377 0.377 0.377 0.384 0.390 0.389 0.387 0.388 0.393 0.397 0.404 0.406 0.406 0.406 0.406 0.407 0.407 0.406 0.408 0.408 0.405 0.404 0.407 0.409
0.385 0.386 0.387 0.387 0.395 0.405 0.412 0.414 0.417 0.421 0.418 0.403 0.405 0.413 0.421 0.417 0.415 0.415 0.416 0.415 0.409 0.389 0.378 0.374 0.372 0.371 0.371 0.371 0.371 0.372 0.372 0.371 0.372 0.372 0.372 0.372 0.373 0.372 0.372 0.371 0.372 0.374 0.374 0.374 0.374 0.373 0.373 0.375 0.378 0.378 0.378 0.377 0.378 0.384 0.390 0.389 0.388 0.389 0.394 0.399 0.406 0.408 0.408 0.408 0.407 0.408 0.409 0.409 0.409 0.409 0.409 0.408 0.413 0.422 0.429
0.380 0.380 0.380 0.378 0.379 0.382 0.387 0.390 0.393 0.397 0.397 0.386 0.392 0.397 0.401 0.395 0.395 0.397 0.396 0.394 0.389 0.378 0.375 0.375 0.374 0.374 0.373 0.373 0.372 0.373 0.372 0.372 0.372 0.373 0.372 0.372 0.373 0.372 0.372 0.373 0.374 0.375 0.375 0.375 0.375 0.375 0.377 0.379 0.378 0.378 0.377 0.378 0.386 0.390 0.389 0.388 0.389 0.395 0.402 0.408 0.409 0.409 0.408 0.408 0.408 0.408 0.409 0.409 0.409 0.410 0.410 0.420 0.442 0.447 0.448
0.381 0.380 0.380 0.380 0.379 0.379 0.378 0.378 0.379 0.379 0.375 0.363 0.366 0.367 0.370 0.368 0.365 0.365 0.364 0.363 0.362 0.367 0.371 0.371 0.371 0.371 0.370 0.369 0.369 0.372 0.372 0.373 0.373 0.373 0.373 0.374 0.373 0.373 0.373 0.375 0.375 0.375 0.375 0.375 0.376 0.378 0.379 0.379 0.378 0.378 0.379 0.384 0.391 0.389 0.389 0.389 0.394 0.400 0.409 0.410 0.409 0.409 0.409 0.409 0.409 0.410 0.410 0.409 0.410 0.412 0.412 0.426 0.447 0.451 0.451
0.381 0.381 0.381 0.380 0.379 0.380 0.381 0.380 0.380 0.379 0.369 0.356 0.356 0.355 0.356 0.356 0.355 0.355 0.354 0.354 0.354 0.355 0.354 0.355 0.355 0.356 0.356 0.355 0.363 0.371 0.372 0.373 0.374 0.373 0.373 0.374 0.374 0.374 0.375 0.376 0.376 0.376 0.376 0.377 0.379 0.380 0.379 0.378 0.378 0.380 0.383 0.385 0.390 0.390 0.389 0.395 0.401 0.401 0.411 0.411 0.411 0.411 0.411 0.411 0.412 0.411 0.410 0.410 0.411 0.413 0.413 0.429 0.448 0.451 0.451
0.382 0.382 0.381 0.380 0.380 0.381 0.381 0.381 0.380 0.376 0.367 0.356 0.356 0.357 0.356 0.355 0.355 0.354 0.354 0.354 0.354 0.354 0.354 0.354 0.354 0.354 0.354 0.354 0.362 0.371 0.371 0.374 0.374 0.374 0.374 0.375 0.375 0.375 0.375 0.376 0.376 0.376 0.378 0.379 0.379 0.379 0.378 0.378 0.379 0.385 0.386 0.388 0.389 0.391 0.398 0.404 0.407 0.409 0.410 0.411 0.412 0.413 0.413 0.412 0.411 0.411 0.411 0.411 0.411 0.412 0.413 0.420 0.441 0.448 0.451
0.384 0.383 0.382 0.382 0.382 0.382 0.382 0.382 0.382 0.377 0.368 0.356 0.356 0.356 0.356 0.355 0.355 0.355 0.355 0.354 0.354 0.354 0.354 0.354 0.354 0.354 0.354 0.355 0.361 0.370 0.371 0.374 0.374 0.374 0.375 0.375 0.375 0.375 0.375 0.376 0.376 0.378 0.379 0.380 0.379 0.378 0.379 0.380 0.382 0.386 0.388 0.390 0.391 0.397 0.403 0.405 0.408 0.412 0.414 0.414 0.414 0.415 0.414 0.412 0.413 0.412 0.413 0.413 0.412 0.413 0.412 0.414 0.416 0.423 0.432
0.386 0.385 0.384 0.384 0.383 0.383 0.383 0.383 0.382 0.377 0.366 0.356 0.357 0.356 0.356 0.355 0.355 0.355 0.355 0.355 0.355 0.355 0.355 0.354 0.354 0.354 0.354 0.355 0.361 0.369 0.371 0.375 0.375 0.375 0.376 0.376 0.376 0.376 0.376 0.377 0.379 0.380 0.379 0.378 0.378 0.378 0.380 0.382 0.385 0.389 0.394 0.397 0.401 0.403 0.405 0.407 0.410 0.414 0.416 0.416 0.416 0.415 0.414 0.414 0.415 0.415 0.414 0.414 0.414 0.415 0.415 0.417 0.418 0.418 0.418
0.387 0.386 0.385 0.385 0.385 0.384 0.384 0.383 0.382 0.378 0.365 0.358 0.358 0.357 0.357 0.357 0.357 0.357 0.357 0.357 0.357 0.357 0.356 0.356 0.356 0.356 0.356 0.356 0.361 0.367 0.371 0.375 0.375 0.375 0.377 0.376 0.376 0.376 0.376 0.378 0.380 0.380 0.379 0.377 0.378 0.381 0.384 0.386 0.390 0.393 0.396 0.403 0.407 0.407 0.407 0.408 0.411 0.415 0.417 0.417 0.416 0.415 0.414 0.415 0.416 0.416 0.416 0.413 0.413 0.414 0.417 0.417 0.418 0.417 0.416
0.388 0.387 0.386 0.386 0.385 0.385 0.385 0.385 0.385 0.383 0.369 0.360 0.360 0.359 0.360 0.360 0.360 0.360 0.360 0.360 0.359 0.359 0.360 0.360 0.360 0.360 0.360 0.360 0.362 0.366 0.370 0.376 0.376 0.376 0.377 0.377 0.377 0.377 0.377 0.380 0.381 0.379 0.379 0.379 0.383 0.383 0.388 0.391 0.395 0.398 0.405 0.410 0.409 0.409 0.409 0.410 0.413 0.417 0.418 0.417 0.416 0.416 0.416 0.416 0.417 0.418 0.418 0.415 0.414 0.416 0.418 0.418 0.418 0.417 0.418
0.387 0.386 0.386 0.387 0.386 0.386 0.386 0.385 0.385 0.384 0.370 0.361 0.361 0.361 0.361 0.361 0.361 0.360 0.360 0.360 0.360 0.360 0.360 0.360 0.360 0.359 0.359 0.359 0.360 0.363 0.371 0.377 0.376 0.377 0.377 0.377 0.377 0.378 0.380 0.381 0.380 0.379 0.379 0.383 0.386 0.389 0.395 0.396 0.400 0.409 0.414 0.414 0.414 0.414 0.413 0.413 0.415 0.418 0.418 0.417 0.416 0.416 0.416 0.417 0.417 0.418 0.419 0.416 0.417 0.417 0.418 0.418 0.418 0.418 0.418
0.387 0.386 0.386 0.386 0.387 0.387 0.387 0.387 0.386 0.385 0.368 0.362 0.361 0.361 0.361 0.360 0.361 0.361 0.361 0.361 0.361 0.360 0.360 0.360 0.360 0.360 0.359 0.358 0.359 0.361 0.373 0.377 0.377 0.378 0.378 0.378 0.379 0.381 0.380 0.379 0.379 0.379 0.384 0.389 0.397 0.399 0.402 0.402 0.412 0.419 0.419 0.420 0.419 0.419 0.419 0.420 0.420 0.419 0.417 0.417 0.417 0.417 0.417 0.416 0.416 0.417 0.419 0.417 0.417 0.418 0.418 0.419 0.419 0.418 0.419
0.388 0.386 0.385 0.386 0.388 0.386 0.386 0.387 0.386 0.386 0.367 0.361 0.360 0.359 0.360 0.360 0.360 0.359 0.359 0.359 0.359 0.359 0.359 0.359 0.358 0.357 0.359 0.359 0.359 0.362 0.370 0.377 0.377 0.379 0.380 0.379 0.381 0.381 0.380 0.379 0.379 0.384 0.392 0.399 0.400 0.401 0.405 0.411 0.423 0.425 0.424 0.424 0.424 0.424 0.424 0.424 0.423 0.422 0.421 0.421 0.421 0.421 0.421 0.421 0.421 0.421 0.421 0.417 0.418 0.418 0.419 0.419 0.419 0.419 0.420
0.389 0.387 0.386 0.387 0.383 0.376 0.377 0.378 0.378 0.379 0.364 0.359 0.359 0.359 0.358 0.358 0.358 0.358 0.358 0.358 0.357 0.357 0.357 0.357 0.357 0.357 0.360 0.360 0.360 0.361 0.364 0.377 0.378 0.379 0.379 0.379 0.380 0.380 0.379 0.379 0.384 0.394 0.402 0.403 0.401 0.404 0.414 0.419 0.424 0.425 0.425 0.425 0.425 0.425 0.424 0.424 0.423 0.423 0.422 0.422 0.422 0.422 0.422 0.421 0.421 0.423 0.422 0.418 0.418 0.419 0.420 0.420 0.420 0.421 0.421
0.387 0.385 0.385 0.387 0.381 0.376 0.376 0.376 0.375 0.375 0.361 0.359 0.359 0.359 0.358 0.358 0.357 0.357 0.357 0.357 0.356 0.357 0.357 0.357 0.357 0.359 0.361 0.361 0.361 0.361 0.362 0.372 0.379 0.379 0.379 0.380 0.380 0.380 0.381 0.386 0.398 0.404 0.404 0.404 0.403 0.411 0.421 0.421 0.425 0.426 0.425 0.426 0.426 0.425 0.425 0.424 0.424 0.423 0.423 0.423 0.423 0.422 0.422 0.422 0.424 0.424 0.422 0.417 0.418 0.420 0.420 0.420 0.420 0.421 0.422
0.389 0.386 0.383 0.384 0.381 0.378 0.377 0.376 0.376 0.376 0.359 0.359 0.359 0.359 0.359 0.359 0.359 0.358 0.358 0.358 0.358 0.358 0.358 0.358 0.358 0.358 0.362 0.362 0.361 0.362 0.364 0.370 0.378 0.379 0.380 0.380 0.380 0.384 0.387 0.396 0.405 0.405 0.405 0.405 0.410 0.417 0.423 0.423 0.426 0.427 0.427 0.426 0.426 0.426 0.425 0.424 0.424 0.424 0.424 0.423 0.423 0.423 0.423 0.424 0.424 0.424 0.423 0.420 0.420 0.421 0.421 0.421 0.421 0.421 0.423
0.391 0.389 0.387 0.385 0.384 0.382 0.380 0.379 0.379 0.376 0.355 0.355 0.356 0.356 0.356 0.356 0.356 0.356 0.356 0.356 0.356 0.356 0.356 0.357 0.357 0.358 0.358 0.359 0.362 0.367 0.372 0.375 0.379 0.380 0.380 0.378 0.382 0.389 0.393 0.396 0.404 0.405 0.405 0.411 0.414 0.418 0.425 0.425 0.427 0.428 0.428 0.427 0.427 0.426 0.425 0.425 0.425 0.425 0.425 0.424 0.424 0.424 0.425 0.425 0.425 0.425 0.424 0.422 0.422 0.421 0.421 0.421 0.420 0.421 0.423
