COT Code backup/VWCL0005N0001.asc
ncols         676
nrows         635
xllcorner     24483.000000
yllcorner     28694.204819
cellsize      5.000000
NODATA_value  -9999.0
[rows 198 to 230 of 635, columns 75 to 149 of 676]
0.451 0.454 0.456 0.456 0.456 0.456 0.456 0.456 0.455 0.454 0.455 0.455 0.456 0.456 0.456 0.456 0.455 0.455 0.455 0.454 0.454 0.454 0.455 0.455 0.455 0.455 0.455 0.456 0.456 0.456 0.456 0.456 0.456 0.456 0.456 0.456 0.456 0.456 0.456 0.456 0.456 0.456 0.456 0.454 0.450 0.449 0.448 0.449 0.449 0.449 0.451 0.455 0.456 0.456 0.456 0.456 0.456 0.456 0.456 0.456 0.456 0.456 0.456 0.456 0.456 0.456 0.456 0.456 0.456 0.455 0.455 0.456 0.456 0.456 0.456
0.451 0.452 0.455 0.456 0.456 0.456 0.456 0.456 0.455 0.455 0.454 0.455 0.456 0.456 0.456 0.456 0.455 0.455 0.455 0.455 0.454 0.454 0.454 0.455 0.455 0.455 0.455 0.455 0.456 0.456 0.456 0.456 0.456 0.456 0.456 0.456 0.456 0.456 0.456 0.456 0.456 0.456 0.456 0.456 0.456 0.453 0.449 0.449 0.449 0.449 0.448 0.448 0.451 0.456 0.456 0.456 0.456 0.456 0.456 0.456 0.456 0.456 0.456 0.456 0.456 0.456 0.456 0.456 0.456 0.456 0.456 0.456 0.456 0.456 0.456
0.450 0.451 0.453 0.456 0.456 0.456 0.456 0.456 0.456 0.455 0.454 0.455 0.456 0.456 0.456 0.456 0.455 0.455 0.455 0.455 0.454 0.454 0.454 0.455 0.455 0.455 0.455 0.455 0.456 0.456 0.456 0.456 0.456 0.456 0.456 0.456 0.456 0.456 0.456 0.456 0.456 0.456 0.456 0.456 0.456 0.456 0.455 0.451 0.449 0.449 0.448 0.448 0.448 0.448 0.452 0.456 0.456 0.456 0.456 0.456 0.456 0.456 0.456 0.456 0.456 0.456 0.456 0.456 0.456 0.456 0.456 0.456 0.456 0.456 0.456
0.447 0.448 0.450 0.454 0.456 0.456 0.456 0.456 0.456 0.456 0.455 0.455 0.455 0.456 0.456 0.456 0.456 0.455 0.455 0.455 0.455 0.455 0.454 0.454 0.455 0.456 0.455 0.455 0.456 0.456 0.456 0.456 0.456 0.456 0.456 0.456 0.456 0.456 0.456 0.456 0.456 0.456 0.456 0.456 0.456 0.456 0.456 0.456 0.455 0.451 0.449 0.448 0.448 0.448 0.448 0.448 0.453 0.456 0.456 0.456 0.456 0.456 0.456 0.456 0.456 0.456 0.456 0.456 0.456 0.456 0.456 0.456 0.456 0.456 0.456
0.447 0.447 0.448 0.449 0.455 0.456 0.456 0.456 0.456 0.456 0.456 0.455 0.455 0.455 0.456 0.456 0.456 0.455 0.455 0.455 0.455 0.455 0.455 0.454 0.455 0.456 0.456 0.456 0.456 0.456 0.456 0.456 0.456 0.456 0.456 0.456 0.456 0.456 0.456 0.456 0.456 0.456 0.456 0.456 0.456 0.456 0.456 0.456 0.456 0.456 0.454 0.450 0.448 0.447 0.447 0.447 0.447 0.447 0.447 0.450 0.452 0.454 0.455 0.455 0.456 0.456 0.456 0.456 0.456 0.456 0.456 0.456 0.456 0.456 0.456
0.448 0.448 0.448 0.449 0.452 0.456 0.456 0.456 0.456 0.456 0.456 0.455 0.455 0.455 0.455 0.456 0.456 0.456 0.455 0.455 0.455 0.455 0.455 0.455 0.455 0.456 0.456 0.456 0.456 0.456 0.456 0.456 0.456 0.456 0.456 0.456 0.456 0.456 0.456 0.456 0.456 0.456 0.456 0.456 0.456 0.456 0.456 0.456 0.456 0.456 0.456 0.456 0.453 0.450 0.447 0.446 0.446 0.447 0.447 0.445 0.446 0.446 0.447 0.448 0.449 0.450 0.451 0.452 0.453 0.454 0.455 0.454 0.453 0.455 0.455
0.448 0.448 0.448 0.448 0.450 0.455 0.456 0.456 0.456 0.456 0.456 0.455 0.455 0.454 0.455 0.455 0.456 0.456 0.456 0.455 0.455 0.455 0.455 0.455 0.455 0.456 0.456 0.456 0.456 0.456 0.456 0.456 0.456 0.456 0.456 0.456 0.456 0.456 0.456 0.456 0.456 0.456 0.456 0.456 0.456 0.456 0.456 0.456 0.456 0.456 0.456 0.456 0.456 0.455 0.453 0.449 0.447 0.447 0.447 0.447 0.446 0.445 0.444 0.444 0.444 0.444 0.445 0.445 0.446 0.446 0.447 0.449 0.449 0.449 0.449
0.448 0.447 0.448 0.448 0.449 0.451 0.456 0.456 0.456 0.456 0.456 0.456 0.455 0.455 0.454 0.454 0.455 0.456 0.456 0.456 0.455 0.456 0.456 0.456 0.456 0.456 0.456 0.456 0.456 0.456 0.456 0.456 0.456 0.456 0.456 0.456 0.456 0.456 0.456 0.456 0.456 0.456 0.456 0.456 0.456 0.456 0.456 0.456 0.456 0.456 0.456 0.456 0.456 0.456 0.456 0.455 0.454 0.453 0.452 0.450 0.449 0.448 0.447 0.446 0.446 0.446 0.445 0.445 0.444 0.443 0.444 0.446 0.446 0.444 0.443
0.446 0.447 0.447 0.448 0.448 0.450 0.454 0.456 0.456 0.456 0.456 0.456 0.455 0.454 0.454 0.454 0.455 0.455 0.456 0.456 0.455 0.455 0.455 0.456 0.456 0.456 0.456 0.456 0.456 0.456 0.456 0.456 0.456 0.456 0.456 0.456 0.456 0.456 0.456 0.456 0.456 0.456 0.456 0.456 0.456 0.456 0.456 0.456 0.456 0.456 0.456 0.456 0.456 0.456 0.456 0.456 0.456 0.456 0.456 0.455 0.455 0.455 0.454 0.453 0.451 0.448 0.446 0.446 0.445 0.445 0.445 0.445 0.444 0.443 0.443
0.447 0.446 0.447 0.448 0.448 0.449 0.450 0.456 0.456 0.456 0.456 0.456 0.455 0.455 0.455 0.455 0.455 0.455 0.456 0.456 0.456 0.456 0.455 0.456 0.456 0.456 0.456 0.456 0.456 0.456 0.456 0.456 0.456 0.456 0.456 0.456 0.456 0.456 0.456 0.456 0.456 0.456 0.456 0.456 0.456 0.456 0.456 0.456 0.456 0.456 0.456 0.456 0.456 0.456 0.456 0.456 0.456 0.456 0.456 0.455 0.455 0.455 0.455 0.455 0.455 0.450 0.447 0.446 0.446 0.446 0.445 0.445 0.444 0.444 0.444
0.448 0.447 0.447 0.448 0.448 0.448 0.449 0.452 0.456 0.456 0.456 0.456 0.456 0.455 0.455 0.455 0.455 0.455 0.456 0.456 0.456 0.456 0.455 0.455 0.456 0.456 0.456 0.456 0.456 0.456 0.456 0.456 0.456 0.456 0.456 0.456 0.455 0.455 0.455 0.456 0.456 0.456 0.456 0.456 0.456 0.456 0.456 0.456 0.456 0.456 0.456 0.456 0.456 0.456 0.456 0.456 0.456 0.456 0.456 0.455 0.455 0.455 0.455 0.455 0.455 0.449 0.447 0.446 0.446 0.445 0.445 0.444 0.444 0.444 0.444
0.448 0.448 0.448 0.448 0.449 0.448 0.449 0.450 0.454 0.456 0.456 0.456 0.456 0.456 0.456 0.455 0.455 0.455 0.455 0.456 0.456 0.456 0.455 0.456 0.456 0.456 0.456 0.456 0.456 0.456 0.456 0.456 0.456 0.456 0.456 0.455 0.455 0.454 0.455 0.455 0.455 0.455 0.456 0.456 0.456 0.456 0.456 0.456 0.456 0.456 0.456 0.456 0.456 0.456 0.456 0.456 0.456 0.456 0.456 0.455 0.455 0.455 0.455 0.455 0.454 0.448 0.447 0.446 0.446 0.445 0.445 0.444 0.444 0.444 0.443
0.448 0.448 0.448 0.448 0.449 0.449 0.449 0.450 0.450 0.456 0.456 0.456 0.456 0.456 0.456 0.456 0.455 0.455 0.455 0.455 0.456 0.456 0.456 0.456 0.456 0.456 0.456 0.456 0.456 0.456 0.456 0.456 0.456 0.456 0.456 0.455 0.454 0.454 0.454 0.454 0.454 0.454 0.455 0.456 0.456 0.456 0.456 0.456 0.456 0.456 0.456 0.456 0.456 0.456 0.456 0.456 0.456 0.456 0.456 0.455 0.455 0.455 0.455 0.455 0.452 0.448 0.446 0.446 0.445 0.445 0.444 0.444 0.444 0.444 0.443
0.449 0.449 0.449 0.448 0.448 0.449 0.449 0.450 0.450 0.452 0.456 0.456 0.456 0.456 0.456 0.456 0.456 0.455 0.454 0.455 0.455 0.456 0.456 0.456 0.456 0.456 0.456 0.456 0.456 0.456 0.456 0.456 0.456 0.455 0.455 0.455 0.455 0.454 0.454 0.453 0.454 0.454 0.454 0.455 0.456 0.456 0.456 0.456 0.456 0.456 0.456 0.456 0.456 0.456 0.456 0.456 0.456 0.456 0.456 0.455 0.455 0.455 0.455 0.455 0.451 0.447 0.446 0.446 0.445 0.444 0.444 0.444 0.443 0.444 0.442
0.449 0.449 0.449 0.448 0.448 0.449 0.449 0.449 0.450 0.450 0.456 0.456 0.456 0.456 0.456 0.456 0.456 0.455 0.454 0.454 0.455 0.456 0.456 0.456 0.456 0.456 0.456 0.456 0.456 0.456 0.456 0.456 0.455 0.453 0.452 0.453 0.455 0.455 0.454 0.453 0.453 0.453 0.454 0.454 0.456 0.456 0.456 0.456 0.456 0.456 0.456 0.456 0.456 0.456 0.456 0.456 0.456 0.456 0.456 0.455 0.455 0.455 0.455 0.455 0.450 0.447 0.447 0.446 0.445 0.444 0.444 0.444 0.443 0.444 0.443
0.449 0.449 0.449 0.449 0.447 0.448 0.449 0.450 0.450 0.451 0.454 0.456 0.456 0.456 0.456 0.456 0.455 0.455 0.455 0.455 0.455 0.455 0.456 0.456 0.456 0.456 0.456 0.456 0.456 0.456 0.456 0.455 0.453 0.453 0.452 0.452 0.454 0.454 0.453 0.453 0.453 0.453 0.454 0.455 0.456 0.456 0.456 0.456 0.456 0.456 0.456 0.456 0.456 0.456 0.456 0.456 0.455 0.455 0.455 0.455 0.455 0.455 0.454 0.453 0.449 0.447 0.446 0.446 0.445 0.444 0.444 0.444 0.443 0.443 0.443
0.448 0.449 0.450 0.449 0.449 0.448 0.449 0.450 0.450 0.451 0.451 0.456 0.456 0.456 0.456 0.456 0.456 0.455 0.455 0.455 0.455 0.455 0.456 0.456 0.456 0.456 0.456 0.456 0.456 0.456 0.456 0.456 0.454 0.453 0.453 0.452 0.452 0.453 0.452 0.453 0.454 0.454 0.455 0.456 0.456 0.456 0.456 0.456 0.456 0.456 0.456 0.456 0.456 0.456 0.455 0.455 0.454 0.454 0.454 0.454 0.455 0.454 0.454 0.452 0.448 0.447 0.446 0.445 0.445 0.444 0.444 0.445 0.444 0.443 0.443
0.444 0.449 0.450 0.450 0.449 0.448 0.448 0.449 0.451 0.451 0.452 0.455 0.456 0.456 0.456 0.456 0.456 0.455 0.455 0.455 0.455 0.455 0.455 0.456 0.456 0.456 0.456 0.456 0.456 0.456 0.456 0.456 0.455 0.453 0.453 0.452 0.452 0.452 0.453 0.453 0.454 0.454 0.455 0.456 0.456 0.456 0.456 0.456 0.456 0.456 0.456 0.456 0.456 0.455 0.455 0.454 0.453 0.453 0.454 0.454 0.453 0.453 0.453 0.450 0.446 0.446 0.445 0.443 0.445 0.445 0.444 0.444 0.444 0.444 0.443
0.436 0.448 0.450 0.450 0.450 0.449 0.448 0.449 0.450 0.451 0.452 0.453 0.456 0.456 0.456 0.456 0.456 0.456 0.455 0.455 0.455 0.455 0.455 0.455 0.456 0.456 0.456 0.456 0.456 0.456 0.456 0.456 0.455 0.454 0.453 0.453 0.453 0.453 0.453 0.454 0.454 0.454 0.454 0.456 0.456 0.456 0.456 0.456 0.456 0.456 0.456 0.456 0.455 0.455 0.454 0.454 0.454 0.453 0.453 0.453 0.452 0.450 0.448 0.447 0.447 0.447 0.447 0.445 0.444 0.444 0.444 0.444 0.442 0.443 0.443
0.425 0.444 0.449 0.450 0.450 0.450 0.449 0.449 0.450 0.452 0.452 0.453 0.455 0.456 0.456 0.456 0.456 0.456 0.456 0.455 0.455 0.455 0.455 0.455 0.456 0.456 0.456 0.456 0.456 0.456 0.456 0.455 0.455 0.455 0.453 0.453 0.453 0.453 0.454 0.454 0.454 0.454 0.454 0.455 0.456 0.456 0.456 0.456 0.456 0.455 0.456 0.455 0.454 0.454 0.453 0.454 0.454 0.454 0.451 0.448 0.446 0.447 0.447 0.447 0.447 0.447 0.447 0.444 0.442 0.442 0.442 0.443 0.442 0.442 0.442
0.416 0.438 0.447 0.450 0.450 0.450 0.450 0.449 0.450 0.451 0.451 0.452 0.453 0.456 0.456 0.456 0.456 0.456 0.456 0.456 0.455 0.455 0.455 0.455 0.456 0.456 0.456 0.456 0.455 0.456 0.456 0.455 0.454 0.454 0.454 0.453 0.453 0.454 0.454 0.454 0.454 0.455 0.455 0.455 0.456 0.456 0.456 0.455 0.455 0.454 0.454 0.453 0.453 0.452 0.452 0.453 0.451 0.447 0.446 0.447 0.448 0.448 0.448 0.447 0.447 0.447 0.445 0.441 0.440 0.440 0.441 0.441 0.441 0.442 0.442
0.411 0.426 0.444 0.449 0.450 0.450 0.450 0.450 0.450 0.450 0.450 0.451 0.452 0.452 0.456 0.456 0.456 0.456 0.456 0.456 0.456 0.455 0.455 0.455 0.455 0.456 0.456 0.456 0.455 0.455 0.456 0.455 0.455 0.455 0.454 0.453 0.454 0.454 0.454 0.454 0.455 0.455 0.455 0.455 0.456 0.455 0.453 0.453 0.453 0.453 0.452 0.452 0.452 0.450 0.447 0.445 0.447 0.448 0.448 0.448 0.448 0.448 0.448 0.447 0.446 0.445 0.442 0.438 0.438 0.438 0.438 0.437 0.440 0.442 0.442
0.413 0.417 0.437 0.446 0.450 0.450 0.451 0.451 0.450 0.450 0.450 0.451 0.452 0.452 0.453 0.456 0.456 0.456 0.456 0.456 0.456 0.455 0.455 0.455 0.455 0.456 0.456 0.456 0.456 0.455 0.456 0.455 0.455 0.454 0.455 0.454 0.455 0.454 0.455 0.455 0.455 0.455 0.455 0.455 0.454 0.453 0.452 0.451 0.451 0.451 0.451 0.450 0.448 0.445 0.444 0.444 0.447 0.448 0.447 0.446 0.448 0.448 0.448 0.444 0.443 0.440 0.435 0.433 0.434 0.434 0.432 0.434 0.439 0.440 0.439
0.415 0.415 0.429 0.444 0.449 0.450 0.451 0.451 0.450 0.450 0.450 0.452 0.452 0.452 0.451 0.455 0.456 0.456 0.456 0.456 0.456 0.455 0.454 0.454 0.455 0.456 0.455 0.456 0.456 0.455 0.455 0.455 0.455 0.455 0.455 0.455 0.455 0.455 0.455 0.455 0.455 0.455 0.455 0.455 0.454 0.453 0.451 0.450 0.449 0.449 0.449 0.447 0.447 0.445 0.444 0.445 0.446 0.449 0.447 0.446 0.447 0.445 0.441 0.436 0.437 0.435 0.432 0.429 0.429 0.428 0.426 0.428 0.430 0.432 0.435
0.415 0.416 0.423 0.441 0.449 0.450 0.451 0.450 0.450 0.450 0.450 0.451 0.452 0.452 0.452 0.452 0.456 0.456 0.456 0.456 0.456 0.455 0.454 0.454 0.454 0.455 0.455 0.456 0.456 0.455 0.454 0.455 0.455 0.455 0.455 0.455 0.455 0.455 0.456 0.456 0.455 0.455 0.455 0.455 0.455 0.453 0.451 0.450 0.449 0.448 0.448 0.445 0.444 0.445 0.444 0.445 0.445 0.448 0.446 0.442 0.437 0.432 0.429 0.429 0.431 0.430 0.430 0.429 0.428 0.429 0.427 0.426 0.427 0.429 0.430
0.413 0.414 0.418 0.437 0.448 0.450 0.451 0.451 0.450 0.450 0.450 0.451 0.452 0.452 0.451 0.451 0.453 0.456 0.456 0.456 0.456 0.456 0.454 0.453 0.453 0.455 0.455 0.455 0.455 0.455 0.455 0.455 0.456 0.456 0.456 0.456 0.456 0.456 0.456 0.455 0.455 0.455 0.455 0.454 0.454 0.453 0.451 0.450 0.449 0.448 0.448 0.445 0.441 0.439 0.442 0.444 0.440 0.437 0.432 0.430 0.430 0.429 0.429 0.430 0.430 0.429 0.429 0.429 0.429 0.429 0.427 0.427 0.427 0.428 0.428
0.415 0.415 0.417 0.433 0.447 0.450 0.451 0.451 0.450 0.451 0.450 0.451 0.452 0.452 0.452 0.451 0.452 0.455 0.456 0.456 0.456 0.456 0.455 0.453 0.453 0.454 0.454 0.454 0.455 0.455 0.455 0.454 0.455 0.456 0.456 0.456 0.456 0.456 0.456 0.456 0.455 0.454 0.454 0.452 0.452 0.451 0.449 0.450 0.449 0.449 0.446 0.439 0.437 0.437 0.435 0.433 0.429 0.429 0.430 0.430 0.430 0.430 0.430 0.430 0.430 0.429 0.429 0.429 0.428 0.426 0.425 0.427 0.428 0.428 0.429
0.414 0.412 0.411 0.428 0.447 0.450 0.451 0.452 0.449 0.449 0.451 0.450 0.451 0.452 0.452 0.452 0.451 0.453 0.456 0.456 0.456 0.456 0.455 0.453 0.453 0.454 0.454 0.454 0.454 0.454 0.454 0.453 0.455 0.455 0.455 0.454 0.455 0.456 0.456 0.455 0.454 0.453 0.452 0.451 0.448 0.443 0.443 0.449 0.449 0.449 0.447 0.437 0.434 0.434 0.432 0.430 0.430 0.430 0.430 0.430 0.430 0.430 0.430 0.429 0.428 0.425 0.424 0.422 0.420 0.419 0.418 0.418 0.419 0.420 0.422
0.409 0.407 0.407 0.425 0.447 0.450 0.451 0.452 0.450 0.448 0.451 0.451 0.451 0.452 0.453 0.452 0.451 0.450 0.452 0.456 0.456 0.456 0.455 0.454 0.453 0.453 0.453 0.453 0.453 0.453 0.453 0.453 0.454 0.454 0.454 0.453 0.453 0.454 0.454 0.454 0.453 0.452 0.449 0.445 0.441 0.440 0.441 0.443 0.447 0.448 0.441 0.433 0.430 0.431 0.431 0.431 0.431 0.430 0.429 0.429 0.429 0.429 0.428 0.425 0.421 0.419 0.421 0.420 0.418 0.418 0.418 0.418 0.418 0.418 0.418
0.409 0.407 0.408 0.424 0.446 0.450 0.451 0.452 0.450 0.449 0.451 0.452 0.452 0.452 0.452 0.452 0.452 0.451 0.449 0.453 0.456 0.456 0.455 0.454 0.453 0.452 0.452 0.452 0.452 0.452 0.452 0.452 0.451 0.454 0.453 0.453 0.453 0.452 0.452 0.451 0.450 0.447 0.443 0.440 0.440 0.439 0.440 0.441 0.441 0.436 0.431 0.430 0.431 0.431 0.431 0.431 0.431 0.428 0.423 0.424 0.425 0.426 0.424 0.422 0.419 0.419 0.420 0.418 0.417 0.415 0.417 0.416 0.416 0.415 0.416
0.409 0.408 0.413 0.431 0.446 0.450 0.451 0.452 0.451 0.452 0.452 0.452 0.451 0.451 0.452 0.452 0.452 0.451 0.450 0.449 0.454 0.455 0.454 0.454 0.453 0.452 0.451 0.450 0.451 0.451 0.451 0.451 0.451 0.454 0.453 0.452 0.452 0.452 0.452 0.449 0.446 0.443 0.440 0.439 0.439 0.438 0.438 0.436 0.432 0.430 0.431 0.433 0.435 0.433 0.432 0.428 0.420 0.414 0.415 0.416 0.418 0.422 0.419 0.418 0.416 0.416 0.417 0.417 0.415 0.415 0.416 0.415 0.414 0.413 0.412
0.408 0.408 0.418 0.438 0.447 0.450 0.451 0.452 0.450 0.452 0.452 0.452 0.451 0.451 0.451 0.452 0.451 0.452 0.450 0.449 0.451 0.455 0.454 0.453 0.453 0.452 0.450 0.449 0.449 0.449 0.449 0.450 0.450 0.449 0.452 0.452 0.452 0.452 0.452 0.449 0.445 0.442 0.441 0.439 0.438 0.437 0.434 0.430 0.430 0.431 0.432 0.435 0.435 0.433 0.422 0.414 0.412 0.415 0.417 0.417 0.418 0.418 0.417 0.416 0.415 0.415 0.416 0.415 0.413 0.414 0.415 0.413 0.413 0.413 0.412
0.408 0.408 0.420 0.440 0.447 0.450 0.452 0.452 0.452 0.452 0.452 0.452 0.452 0.452 0.452 0.452 0.452 0.452 0.451 0.453 0.455 0.454 0.451 0.451 0.452 0.452 0.450 0.447 0.448 0.448 0.447 0.447 0.448 0.448 0.447 0.452 0.451 0.451 0.451 0.450 0.444 0.442 0.441 0.439 0.436 0.432 0.430 0.432 0.431 0.433 0.435 0.434 0.428 0.418 0.414 0.413 0.413 0.415 0.416 0.417 0.416 0.417 0.417 0.415 0.416 0.416 0.416 0.413 0.413 0.413 0.412 0.413 0.413 0.413 0.413
