COT Code backup/VWCL0002N0001.asc
ncols         676
nrows         635
xllcorner     24483.000000
yllcorner     28694.204819
cellsize      5.000000
NODATA_value  -9999.0
[rows 429 to 461 of 635, columns 450 to 524 of 676]
0.455 0.456 0.455 0.456 0.456 0.456 0.456 0.456 0.456 0.456 0.456 0.456 0.456 0.456 0.456 0.455 0.452 0.451 0.451 0.451 0.451 0.450 0.450 0.450 0.451 0.449 0.449 0.450 0.449 0.446 0.444 0.445 0.437 0.440 0.442 0.432 0.429 0.431 0.434 0.435 0.434 0.431 0.428 0.427 0.425 0.425 0.425 0.425 0.424 0.423 0.430 0.438 0.445 0.445 0.446 0.446 0.445 0.442 0.437 0.434 0.430 0.417 0.410 0.411 0.435 0.454 0.455 0.454 0.454 0.454 0.454 0.454 0.454 0.454 0.454
0.456 0.456 0.456 0.456 0.456 0.456 0.456 0.456 0.456 0.456 0.456 0.456 0.456 0.456 0.456 0.454 0.452 0.451 0.451 0.451 0.451 0.451 0.451 0.451 0.451 0.449 0.450 0.450 0.450 0.449 0.448 0.447 0.442 0.445 0.446 0.446 0.436 0.436 0.439 0.440 0.439 0.435 0.431 0.429 0.426 0.425 0.426 0.425 0.425 0.425 0.429 0.439 0.446 0.446 0.445 0.445 0.445 0.445 0.445 0.444 0.444 0.440 0.435 0.433 0.441 0.455 0.455 0.454 0.454 0.454 0.454 0.454 0.454 0.454 0.454
0.456 0.456 0.456 0.456 0.456 0.456 0.456 0.456 0.456 0.456 0.456 0.456 0.456 0.456 0.455 0.453 0.451 0.451 0.451 0.451 0.451 0.451 0.451 0.451 0.450 0.449 0.447 0.449 0.450 0.450 0.449 0.449 0.449 0.448 0.448 0.449 0.445 0.444 0.445 0.446 0.444 0.438 0.432 0.430 0.428 0.428 0.428 0.427 0.425 0.425 0.428 0.443 0.447 0.446 0.446 0.445 0.445 0.445 0.445 0.445 0.444 0.445 0.445 0.445 0.450 0.456 0.455 0.454 0.454 0.454 0.454 0.454 0.454 0.454 0.454
0.456 0.456 0.456 0.456 0.456 0.456 0.456 0.456 0.456 0.456 0.456 0.455 0.456 0.456 0.455 0.452 0.451 0.451 0.451 0.451 0.451 0.451 0.451 0.451 0.450 0.449 0.448 0.450 0.450 0.450 0.450 0.449 0.449 0.449 0.449 0.449 0.448 0.447 0.448 0.448 0.448 0.446 0.439 0.435 0.431 0.429 0.428 0.428 0.425 0.424 0.432 0.445 0.447 0.447 0.446 0.446 0.445 0.445 0.445 0.445 0.445 0.445 0.445 0.444 0.452 0.455 0.454 0.454 0.454 0.454 0.454 0.454 0.454 0.454 0.454
0.456 0.456 0.456 0.456 0.456 0.456 0.456 0.456 0.456 0.456 0.456 0.455 0.455 0.455 0.454 0.451 0.451 0.451 0.451 0.451 0.451 0.451 0.451 0.450 0.450 0.449 0.448 0.450 0.450 0.450 0.450 0.450 0.449 0.449 0.449 0.449 0.449 0.448 0.448 0.449 0.449 0.449 0.448 0.446 0.445 0.441 0.436 0.433 0.427 0.426 0.436 0.446 0.447 0.447 0.446 0.446 0.446 0.445 0.445 0.445 0.445 0.446 0.445 0.444 0.455 0.455 0.454 0.454 0.454 0.454 0.454 0.454 0.454 0.454 0.454
0.456 0.456 0.456 0.456 0.456 0.456 0.456 0.456 0.456 0.456 0.456 0.455 0.455 0.455 0.453 0.451 0.451 0.451 0.451 0.451 0.451 0.452 0.451 0.451 0.450 0.450 0.450 0.450 0.450 0.450 0.450 0.450 0.449 0.449 0.449 0.449 0.449 0.448 0.449 0.449 0.448 0.448 0.448 0.448 0.449 0.449 0.448 0.446 0.441 0.438 0.443 0.447 0.447 0.447 0.446 0.446 0.446 0.446 0.446 0.446 0.446 0.446 0.445 0.448 0.455 0.455 0.454 0.454 0.454 0.454 0.454 0.454 0.454 0.454 0.454
0.456 0.456 0.456 0.456 0.456 0.456 0.456 0.456 0.456 0.456 0.455 0.455 0.455 0.455 0.453 0.452 0.451 0.451 0.451 0.451 0.451 0.451 0.451 0.451 0.450 0.450 0.450 0.450 0.450 0.450 0.450 0.450 0.450 0.450 0.450 0.450 0.449 0.448 0.449 0.449 0.447 0.446 0.447 0.448 0.448 0.449 0.449 0.448 0.447 0.447 0.447 0.447 0.447 0.447 0.447 0.446 0.446 0.446 0.446 0.445 0.444 0.445 0.445 0.453 0.455 0.454 0.454 0.454 0.454 0.454 0.454 0.454 0.454 0.454 0.454
0.456 0.456 0.456 0.456 0.456 0.456 0.456 0.456 0.456 0.456 0.455 0.454 0.454 0.454 0.453 0.452 0.451 0.451 0.451 0.452 0.452 0.451 0.452 0.451 0.451 0.450 0.450 0.450 0.450 0.450 0.451 0.452 0.452 0.452 0.451 0.450 0.450 0.449 0.449 0.448 0.447 0.445 0.446 0.447 0.447 0.448 0.449 0.448 0.447 0.447 0.447 0.447 0.447 0.447 0.447 0.446 0.446 0.446 0.446 0.445 0.444 0.445 0.449 0.456 0.455 0.454 0.454 0.454 0.454 0.454 0.454 0.454 0.454 0.454 0.454
0.456 0.456 0.456 0.456 0.456 0.456 0.456 0.456 0.456 0.456 0.454 0.454 0.454 0.453 0.451 0.451 0.451 0.451 0.451 0.451 0.452 0.452 0.452 0.451 0.451 0.451 0.450 0.450 0.450 0.450 0.451 0.452 0.452 0.453 0.452 0.452 0.451 0.450 0.449 0.449 0.448 0.447 0.447 0.447 0.447 0.449 0.448 0.448 0.447 0.447 0.446 0.446 0.446 0.446 0.446 0.446 0.446 0.447 0.445 0.445 0.444 0.445 0.452 0.456 0.454 0.454 0.454 0.454 0.454 0.454 0.454 0.454 0.454 0.454 0.454
0.456 0.456 0.456 0.456 0.456 0.456 0.456 0.456 0.456 0.456 0.454 0.454 0.454 0.453 0.452 0.451 0.451 0.451 0.451 0.451 0.452 0.452 0.452 0.452 0.451 0.451 0.451 0.451 0.450 0.451 0.451 0.452 0.452 0.452 0.452 0.453 0.452 0.450 0.449 0.449 0.448 0.448 0.448 0.448 0.447 0.449 0.448 0.447 0.447 0.447 0.447 0.447 0.446 0.446 0.446 0.446 0.446 0.447 0.445 0.445 0.445 0.446 0.453 0.456 0.454 0.454 0.454 0.454 0.454 0.454 0.454 0.454 0.454 0.454 0.454
0.456 0.456 0.456 0.456 0.456 0.456 0.456 0.456 0.456 0.456 0.454 0.454 0.454 0.454 0.453 0.452 0.451 0.451 0.451 0.452 0.452 0.452 0.452 0.452 0.451 0.451 0.451 0.451 0.451 0.451 0.451 0.452 0.452 0.452 0.452 0.452 0.452 0.450 0.449 0.449 0.448 0.448 0.448 0.448 0.448 0.448 0.448 0.448 0.447 0.447 0.447 0.447 0.446 0.446 0.446 0.446 0.446 0.446 0.446 0.445 0.446 0.447 0.454 0.455 0.454 0.454 0.454 0.454 0.454 0.454 0.454 0.454 0.454 0.454 0.454
0.456 0.456 0.456 0.456 0.456 0.456 0.456 0.456 0.456 0.455 0.455 0.455 0.454 0.454 0.454 0.453 0.453 0.452 0.452 0.452 0.452 0.452 0.452 0.452 0.452 0.451 0.451 0.451 0.451 0.451 0.452 0.452 0.452 0.452 0.452 0.452 0.451 0.450 0.450 0.449 0.449 0.449 0.448 0.448 0.448 0.448 0.448 0.448 0.447 0.447 0.447 0.447 0.446 0.446 0.446 0.446 0.446 0.446 0.446 0.446 0.447 0.449 0.456 0.455 0.454 0.454 0.454 0.454 0.454 0.454 0.454 0.454 0.454 0.454 0.454
0.456 0.456 0.456 0.456 0.456 0.456 0.456 0.456 0.456 0.455 0.455 0.455 0.454 0.455 0.455 0.455 0.453 0.452 0.452 0.452 0.452 0.452 0.452 0.452 0.452 0.452 0.452 0.452 0.451 0.452 0.452 0.452 0.452 0.452 0.452 0.452 0.451 0.451 0.450 0.450 0.449 0.449 0.448 0.448 0.448 0.448 0.448 0.447 0.445 0.446 0.446 0.446 0.446 0.446 0.446 0.447 0.446 0.445 0.446 0.446 0.447 0.451 0.456 0.454 0.454 0.454 0.454 0.454 0.454 0.454 0.454 0.454 0.454 0.454 0.454
0.456 0.456 0.456 0.456 0.456 0.456 0.456 0.456 0.456 0.455 0.455 0.455 0.455 0.456 0.456 0.456 0.456 0.455 0.454 0.453 0.452 0.452 0.452 0.452 0.452 0.451 0.452 0.452 0.452 0.452 0.452 0.452 0.452 0.452 0.452 0.452 0.451 0.450 0.450 0.450 0.450 0.449 0.449 0.448 0.448 0.448 0.448 0.446 0.445 0.445 0.446 0.446 0.446 0.447 0.447 0.447 0.446 0.445 0.447 0.447 0.447 0.453 0.456 0.454 0.454 0.454 0.454 0.454 0.454 0.454 0.454 0.454 0.454 0.454 0.454
0.456 0.456 0.456 0.456 0.456 0.456 0.456 0.456 0.456 0.455 0.455 0.455 0.455 0.456 0.456 0.456 0.456 0.456 0.456 0.455 0.454 0.453 0.452 0.452 0.452 0.452 0.452 0.452 0.452 0.452 0.452 0.452 0.452 0.452 0.452 0.451 0.451 0.450 0.449 0.450 0.450 0.449 0.449 0.448 0.448 0.448 0.448 0.444 0.444 0.444 0.446 0.446 0.447 0.448 0.448 0.447 0.447 0.446 0.447 0.447 0.448 0.455 0.455 0.454 0.454 0.454 0.454 0.454 0.454 0.454 0.454 0.454 -9999.000 -9999.000 -9999.000
0.456 0.456 0.456 0.456 0.456 0.456 0.456 0.456 0.456 0.455 0.455 0.455 0.456 0.456 0.456 0.456 0.456 0.456 0.456 0.456 0.456 0.456 0.456 0.455 0.454 0.453 0.452 0.453 0.453 0.453 0.453 0.452 0.452 0.452 0.452 0.451 0.450 0.450 0.449 0.449 0.449 0.449 0.449 0.448 0.448 0.448 0.448 0.446 0.445 0.445 0.446 0.446 0.447 0.449 0.449 0.448 0.448 0.447 0.447 0.448 0.450 0.456 0.455 0.454 0.454 0.454 0.454 0.454 0.454 0.454 0.454 -9999.000 -9999.000 -9999.000 -9999.000
0.456 0.456 0.456 0.456 0.456 0.456 0.456 0.456 0.456 0.455 0.456 0.455 0.456 0.456 0.456 0.456 0.456 0.456 0.456 0.456 0.456 0.456 0.456 0.456 0.456 0.456 0.456 0.455 0.454 0.454 0.453 0.453 0.453 0.452 0.452 0.451 0.450 0.449 0.449 0.449 0.449 0.449 0.449 0.449 0.448 0.449 0.448 0.447 0.446 0.445 0.446 0.444 0.447 0.448 0.449 0.448 0.448 0.448 0.449 0.450 0.453 0.456 0.454 0.454 0.454 0.454 0.454 0.454 0.454 0.454 -9999.000 -9999.000 -9999.000 -9999.000 -9999.000
0.456 0.456 0.456 0.456 0.456 0.456 0.456 0.456 0.455 0.456 0.456 0.456 0.456 0.456 0.456 0.456 0.456 0.456 0.456 0.456 0.456 0.456 0.456 0.456 0.456 0.456 0.456 0.456 0.456 0.456 0.455 0.454 0.453 0.453 0.452 0.452 0.450 0.449 0.449 0.449 0.449 0.449 0.449 0.449 0.449 0.450 0.449 0.447 0.447 0.447 0.447 0.448 0.448 0.448 0.449 0.449 0.448 0.449 0.449 0.452 0.455 0.455 0.454 0.454 0.454 0.454 0.454 0.454 0.454 0.454 -9999.000 -9999.000 -9999.000 -9999.000 -9999.000
0.456 0.456 0.456 0.456 0.456 0.456 0.456 0.456 0.456 0.456 0.456 0.456 0.456 0.456 0.456 0.456 0.456 0.456 0.456 0.456 0.456 0.456 0.456 0.456 0.456 0.456 0.456 0.456 0.456 0.456 0.456 0.456 0.456 0.455 0.454 0.453 0.451 0.449 0.449 0.449 0.449 0.449 0.449 0.449 0.450 0.450 0.450 0.447 0.448 0.449 0.449 0.450 0.450 0.449 0.449 0.449 0.449 0.452 0.452 0.455 0.456 0.454 0.454 0.454 0.454 0.454 0.454 0.454 0.454 -9999.000 -9999.000 -9999.000 -9999.000 -9999.000 -9999.000
0.456 0.456 0.456 0.456 0.456 0.456 0.456 0.456 0.456 0.456 0.456 0.456 0.456 0.456 0.456 0.456 0.456 0.456 0.456 0.456 0.456 0.456 0.456 0.456 0.456 0.456 0.456 0.456 0.456 0.456 0.456 0.456 0.456 0.456 0.456 0.456 0.456 0.454 0.453 0.451 0.449 0.449 0.449 0.449 0.450 0.451 0.450 0.450 0.451 0.452 0.453 0.452 0.452 0.450 0.449 0.450 0.452 0.452 0.455 0.456 0.455 0.454 0.454 0.454 0.454 0.454 0.454 0.454 0.454 -9999.000 -9999.000 -9999.000 -9999.000 -9999.000 -9999.000
0.456 0.456 0.456 0.456 0.456 0.456 0.456 0.456 0.456 0.456 0.456 0.456 0.456 0.456 0.456 0.456 0.456 0.456 0.456 0.456 0.456 0.456 0.456 0.456 0.456 0.456 0.456 0.456 0.456 0.456 0.456 0.456 0.456 0.456 0.456 0.456 0.456 0.456 0.456 0.456 0.455 0.453 0.451 0.450 0.452 0.453 0.452 0.454 0.454 0.454 0.455 0.454 0.453 0.452 0.450 0.452 0.454 0.455 0.456 0.456 0.454 0.454 0.454 0.454 0.454 0.454 0.454 0.454 0.454 -9999.000 -9999.000 -9999.000 -9999.000 -9999.000 -9999.000
0.456 0.456 0.456 0.456 0.456 0.456 0.456 0.456 0.456 0.456 0.456 0.456 0.456 0.456 0.456 0.456 0.456 0.456 0.456 0.456 0.456 0.456 0.456 0.456 0.456 0.456 0.456 0.456 0.456 0.456 0.456 0.456 0.456 0.456 0.456 0.456 0.456 0.456 0.456 0.456 0.456 0.456 0.456 0.455 0.454 0.454 0.455 0.455 0.455 0.455 0.455 0.455 0.454 0.453 0.452 0.454 0.455 0.456 0.456 0.455 0.454 0.454 0.454 0.454 0.454 0.454 0.454 0.454 -9999.000 -9999.000 -9999.000 -9999.000 -9999.000 -9999.000 -9999.000
0.456 0.456 0.456 0.456 0.456 0.456 0.456 0.456 0.456 0.456 0.456 0.456 0.456 0.456 0.456 0.456 0.456 0.456 0.456 0.456 0.456 0.456 0.456 0.456 0.456 0.456 0.456 0.456 0.456 0.456 0.456 0.456 0.456 0.456 0.456 0.456 0.456 0.456 0.456 0.456 0.456 0.456 0.456 0.456 0.455 0.456 0.456 0.456 0.456 0.456 0.456 0.456 0.456 0.456 0.455 0.455 0.456 0.456 0.456 0.454 0.454 0.454 0.454 0.454 0.454 0.454 0.454 0.454 -9999.000 -9999.000 -9999.000 -9999.000 -9999.000 -9999.000 -9999.000
0.456 0.456 0.456 0.456 0.456 0.456 0.456 0.456 0.456 0.456 0.456 0.456 0.456 0.456 0.456 0.456 0.456 0.456 0.456 0.456 0.456 0.456 0.456 0.456 0.456 0.456 0.456 0.456 0.456 0.456 0.456 0.456 0.456 0.456 0.456 0.456 0.456 0.456 0.456 0.456 0.456 0.456 0.456 0.456 0.456 0.456 0.456 0.456 0.456 0.456 0.456 0.456 0.456 0.456 0.456 0.456 0.456 0.456 0.454 0.454 0.454 0.454 0.454 0.454 0.454 0.454 0.454 -9999.000 -9999.000 -9999.000 -9999.000 -9999.000 -9999.000 -9999.000 -9999.000
0.455 0.456 0.456 0.456 0.456 0.456 0.456 0.456 0.456 0.456 0.456 0.456 0.456 0.456 0.456 0.456 0.456 0.456 0.456 0.456 0.456 0.456 0.456 0.456 0.456 0.456 0.456 0.456 0.455 0.456 0.456 0.456 0.456 0.456 0.456 0.456 0.456 0.456 0.456 0.456 0.456 0.456 0.456 0.456 0.456 0.456 0.456 0.456 0.456 0.456 0.456 0.456 0.456 0.456 0.456 0.456 0.456 0.456 0.454 0.454 0.454 0.454 0.454 0.454 0.454 0.454 0.454 -9999.000 -9999.000 -9999.000 -9999.000 -9999.000 -9999.000 -9999.000 -9999.000
0.450 0.449 0.451 0.453 0.455 0.456 0.456 0.456 0.456 0.456 0.456 0.456 0.456 0.456 0.456 0.456 0.456 0.456 0.456 0.456 0.456 0.456 0.456 0.456 0.456 0.456 0.456 0.456 0.454 0.454 0.455 0.456 0.456 0.456 0.456 0.456 0.456 0.456 0.456 0.456 0.456 0.456 0.456 0.456 0.456 0.456 0.456 0.456 0.456 0.456 0.456 0.456 0.456 0.456 0.456 0.456 0.456 0.455 0.454 0.454 0.454 0.454 0.454 0.454 0.454 0.454 -9999.000 -9999.000 -9999.000 -9999.000 -9999.000 -9999.000 -9999.000 -9999.000 -9999.000
0.446 0.445 0.445 0.446 0.450 0.456 0.456 0.456 0.456 0.456 0.456 0.456 0.456 0.456 0.456 0.456 0.456 0.456 0.456 0.456 0.456 0.456 0.456 0.456 0.456 0.456 0.456 0.455 0.454 0.455 0.456 0.456 0.456 0.456 0.456 0.456 0.456 0.456 0.456 0.456 0.456 0.456 0.456 0.456 0.456 0.456 0.456 0.456 0.456 0.456 0.456 0.456 0.456 0.456 0.456 0.456 0.456 0.454 0.454 0.454 0.454 0.454 0.454 0.454 0.454 0.454 -9999.000 -9999.000 -9999.000 -9999.000 -9999.000 -9999.000 -9999.000 -9999.000 -9999.000
0.444 0.444 0.444 0.445 0.447 0.454 0.456 0.456 0.456 0.456 0.456 0.455 0.454 0.454 0.454 0.456 0.456 0.456 0.456 0.456 0.456 0.456 0.456 0.456 0.456 0.456 0.456 0.454 0.454 0.455 0.456 0.456 0.456 0.456 0.456 0.456 0.456 0.456 0.456 0.456 0.456 0.456 0.456 0.456 0.456 0.456 0.456 0.456 0.456 0.456 0.456 0.456 0.456 0.456 0.456 0.456 0.454 0.454 0.454 0.454 0.454 0.454 0.454 0.454 0.454 -9999.000 -9999.000 -9999.000 -9999.000 -9999.000 -9999.000 -9999.000 -9999.000 -9999.000 -9999.000
0.441 0.439 0.441 0.444 0.446 0.454 0.456 0.456 0.456 0.456 0.456 0.454 0.454 0.454 0.454 0.454 0.454 0.455 0.456 0.456 0.456 0.456 0.456 0.456 0.456 0.456 0.456 0.454 0.454 0.454 0.456 0.456 0.456 0.456 0.456 0.456 0.456 0.456 0.456 0.456 0.456 0.456 0.456 0.456 0.456 0.456 0.456 0.456 0.456 0.456 0.456 0.456 0.456 0.456 0.456 0.454 0.454 0.454 0.454 0.454 0.454 0.454 0.454 0.454 0.454 -9999.000 -9999.000 -9999.000 -9999.000 -9999.000 -9999.000 -9999.000 -9999.000 -9999.000 -9999.000
0.438 0.436 0.438 0.438 0.446 0.456 0.456 0.456 0.456 0.456 0.456 0.454 0.454 0.454 0.454 0.454 0.454 0.454 0.454 0.454 0.455 0.456 0.456 0.456 0.456 0.456 0.456 0.454 0.454 0.455 0.456 0.456 0.454 0.455 0.455 0.455 0.456 0.456 0.456 0.456 0.456 0.456 0.456 0.456 0.456 0.456 0.456 0.456 0.456 0.456 0.456 0.456 0.456 0.456 0.454 0.454 0.454 0.454 0.454 0.454 0.454 0.454 0.454 0.454 -9999.000 -9999.000 -9999.000 -9999.000 -9999.000 -9999.000 -9999.000 -9999.000 -9999.000 -9999.000 -9999.000
0.438 0.438 0.438 0.438 0.448 0.456 0.456 0.455 0.456 0.456 0.455 0.454 0.454 0.454 0.454 0.454 0.454 0.454 0.454 0.454 0.454 0.455 0.456 0.456 0.456 0.456 0.454 0.454 0.456 0.456 0.456 0.454 0.454 0.454 0.454 0.454 0.456 0.456 0.456 0.456 0.456 0.456 0.456 0.456 0.456 0.456 0.456 0.456 0.456 0.456 0.456 0.456 0.456 0.455 0.454 0.454 0.454 0.454 0.454 0.454 0.454 0.454 0.454 0.454 -9999.000 -9999.000 -9999.000 -9999.000 -9999.000 -9999.000 -9999.000 -9999.000 -9999.000 -9999.000 -9999.000
0.438 0.438 0.439 0.439 0.451 0.456 0.454 0.454 0.456 0.456 0.454 0.454 0.454 0.454 0.454 0.454 0.454 0.454 0.454 0.454 0.454 0.454 0.454 0.454 0.455 0.456 0.454 0.454 0.456 0.456 0.456 0.454 0.454 0.454 0.454 0.454 0.455 0.456 0.456 0.456 0.456 0.456 0.456 0.456 0.456 0.456 0.456 0.456 0.456 0.456 0.456 0.456 0.456 0.454 0.454 0.454 0.454 0.454 0.454 0.454 0.454 0.454 0.454 -9999.000 -9999.000 -9999.000 -9999.000 -9999.000 -9999.000 -9999.000 -9999.000 -9999.000 -9999.000 -9999.000 -9999.000
0.437 0.438 0.438 0.441 0.454 0.455 0.454 0.454 0.456 0.456 0.454 0.454 0.454 0.454 0.454 0.454 0.454 0.454 0.454 0.454 0.454 0.454 0.454 0.454 0.454 0.454 0.454 0.454 0.456 0.456 0.456 0.454 0.454 0.454 0.454 0.454 0.456 0.456 0.456 0.456 0.456 0.456 0.456 0.456 0.456 0.456 0.456 0.456 0.456 0.456 0.456 0.456 0.455 0.454 0.454 0.454 0.454 0.454 0.454 0.454 0.454 0.454 0.454 -9999.000 -9999.000 -9999.000 -9999.000 -9999.000 -9999.000 -9999.000 -9999.000 -9999.000 -9999.000 -9999.000 -9999.000
