COT Code backup/VWCL0002N0001.asc
ncols         676
nrows         635
xllcorner     24483.000000
yllcorner     28694.204819
cellsize      5.000000
NODATA_value  -9999.0
[rows 66 to 98 of 635, columns 150 to 224 of 676]
0.454 0.455 0.455 0.456 0.456 0.456 0.456 0.455 0.454 0.454 0.454 0.454 0.454 0.454 0.454 0.456 0.456 0.456 0.456 0.456 0.456 0.456 0.456 0.454 0.454 0.454 0.454 0.454 0.454 0.454 0.454 0.454 0.454 0.454 -9999.000 -9999.000 -9999.000 -9999.000 -9999.000 -9999.000 -9999.000 -9999.000 -9999.000 -9999.000 -9999.000 -9999.000 -9999.000 -9999.000 -9999.000 -9999.000 -9999.000 -9999.000 -9999.000 -9999.000 -9999.000 -9999.000 -9999.000 -9999.000 -9999.000 -9999.000 -9999.000 -9999.000 -9999.000 -9999.000 -9999.000 -9999.000 -9999.000 -9999.000 -9999.000 -9999.000 -9999.000 -9999.000 -9999.000 -9999.000 -9999.000
0.455 0.456 0.456 0.456 0.456 0.456 0.456 0.454 0.454 0.454 0.454 0.454 0.454 0.454 0.454 0.454 0.456 0.456 0.456 0.456 0.456 0.456 0.454 0.454 0.454 0.454 0.454 0.454 0.454 0.454 0.454 0.454 0.454 0.454 0.454 -9999.000 -9999.000 -9999.000 -9999.000 -9999.000 -9999.000 -9999.000 -9999.000 -9999.000 -9999.000 -9999.000 -9999.000 -9999.000 -9999.000 -9999.000 -9999.000 -9999.000 -9999.000 -9999.000 -9999.000 -9999.000 -9999.000 -9999.000 -9999.000 -9999.000 -9999.000 -9999.000 -9999.000 -9999.000 -9999.000 -9999.000 -9999.000 -9999.000 -9999.000 -9999.000 -9999.000 -9999.000 -9999.000 -9999.000 -9999.000
0.456 0.456 0.456 0.456 0.456 0.454 0.454 0.454 0.454 0.454 0.454 0.454 0.454 0.454 0.454 0.454 0.454 0.456 0.456 0.456 0.456 0.454 0.454 0.454 0.454 0.454 0.454 0.454 0.454 0.454 0.454 0.454 0.454 0.454 0.454 0.454 0.456 -9999.000 -9999.000 -9999.000 -9999.000 -9999.000 -9999.000 -9999.000 -9999.000 -9999.000 -9999.000 -9999.000 -9999.000 -9999.000 -9999.000 -9999.000 -9999.000 -9999.000 -9999.000 -9999.000 -9999.000 -9999.000 -9999.000 -9999.000 -9999.000 -9999.000 -9999.000 -9999.000 -9999.000 -9999.000 -9999.000 -9999.000 -9999.000 -9999.000 -9999.000 -9999.000 -9999.000 -9999.000 -9999.000
0.456 0.456 0.456 0.456 0.454 0.454 0.454 0.454 0.454 0.454 0.454 0.454 0.454 0.454 0.454 0.454 0.454 0.455 0.456 0.456 0.455 0.454 0.454 0.454 0.454 0.454 0.454 0.454 0.454 0.454 0.454 0.454 0.454 0.454 0.454 0.454 0.455 0.456 -9999.000 -9999.000 -9999.000 -9999.000 -9999.000 -9999.000 -9999.000 -9999.000 -9999.000 -9999.000 -9999.000 -9999.000 -9999.000 -9999.000 -9999.000 -9999.000 -9999.000 -9999.000 -9999.000 -9999.000 -9999.000 -9999.000 -9999.000 -9999.000 -9999.000 -9999.000 -9999.000 -9999.000 -9999.000 -9999.000 -9999.000 -9999.000 -9999.000 -9999.000 -9999.000 -9999.000 -9999.000
0.456 0.456 0.454 0.454 0.454 0.454 0.454 0.454 0.454 0.454 0.454 0.454 0.454 0.454 0.454 0.454 0.454 0.454 0.454 0.454 0.454 0.454 0.454 0.454 0.454 0.454 0.454 0.454 0.454 0.454 0.454 0.454 0.454 0.454 0.454 0.454 0.454 0.456 0.456 -9999.000 -9999.000 -9999.000 -9999.000 -9999.000 -9999.000 -9999.000 -9999.000 -9999.000 -9999.000 -9999.000 -9999.000 -9999.000 -9999.000 -9999.000 -9999.000 -9999.000 -9999.000 -9999.000 -9999.000 -9999.000 -9999.000 -9999.000 -9999.000 -9999.000 -9999.000 -9999.000 -9999.000 -9999.000 -9999.000 -9999.000 -9999.000 -9999.000 -9999.000 -9999.000 -9999.000
0.454 0.454 0.454 0.454 0.454 0.454 0.454 0.454 0.454 0.454 0.454 0.454 0.454 0.454 0.454 0.454 0.454 0.454 0.454 0.454 0.454 0.454 0.454 0.454 0.454 0.454 0.454 0.454 0.454 0.454 0.454 0.454 0.454 0.454 0.454 0.454 0.454 0.454 0.456 0.456 0.455 -9999.000 -9999.000 -9999.000 -9999.000 -9999.000 -9999.000 -9999.000 -9999.000 -9999.000 -9999.000 -9999.000 -9999.000 -9999.000 -9999.000 -9999.000 -9999.000 -9999.000 -9999.000 -9999.000 -9999.000 -9999.000 -9999.000 -9999.000 -9999.000 -9999.000 -9999.000 -9999.000 -9999.000 -9999.000 -9999.000 -9999.000 -9999.000 -9999.000 -9999.000
0.454 0.454 0.454 0.454 0.454 0.454 0.454 0.454 0.454 0.454 0.454 0.454 0.454 0.454 0.454 0.454 0.454 0.454 0.454 0.454 0.454 0.454 0.454 0.454 0.454 0.454 0.454 0.454 0.454 0.454 0.454 0.454 0.454 0.454 0.454 0.454 0.454 0.454 0.455 0.456 0.455 0.455 -9999.000 -9999.000 -9999.000 -9999.000 -9999.000 -9999.000 -9999.000 -9999.000 -9999.000 -9999.000 -9999.000 -9999.000 -9999.000 -9999.000 -9999.000 -9999.000 -9999.000 -9999.000 -9999.000 -9999.000 -9999.000 -9999.000 -9999.000 -9999.000 -9999.000 -9999.000 -9999.000 -9999.000 -9999.000 -9999.000 -9999.000 -9999.000 -9999.000
0.454 0.454 0.454 0.454 0.454 0.454 0.454 0.454 0.454 0.454 0.454 0.454 0.454 0.454 0.454 0.454 0.454 0.454 0.454 0.454 0.454 0.454 0.454 0.454 0.454 0.454 0.454 0.454 0.454 0.454 0.454 0.454 0.454 0.454 0.454 0.454 0.454 0.454 0.454 0.456 0.456 0.455 0.454 0.454 -9999.000 -9999.000 -9999.000 -9999.000 -9999.000 -9999.000 -9999.000 -9999.000 -9999.000 -9999.000 -9999.000 -9999.000 -9999.000 -9999.000 -9999.000 -9999.000 -9999.000 -9999.000 -9999.000 -9999.000 -9999.000 -9999.000 -9999.000 -9999.000 -9999.000 -9999.000 -9999.000 -9999.000 -9999.000 -9999.000 -9999.000
0.454 0.454 0.454 0.454 0.454 0.454 0.454 0.454 0.454 0.454 0.454 0.454 0.454 0.454 0.454 0.454 0.454 0.454 0.454 0.454 0.454 0.454 0.454 0.454 0.454 0.454 0.454 0.454 0.454 0.454 0.454 0.454 0.454 0.454 0.454 0.454 0.454 0.454 0.454 0.454 0.456 0.456 0.455 0.454 0.455 -9999.000 -9999.000 -9999.000 -9999.000 -9999.000 -9999.000 -9999.000 -9999.000 -9999.000 -9999.000 -9999.000 -9999.000 -9999.000 -9999.000 -9999.000 -9999.000 -9999.000 -9999.000 -9999.000 -9999.000 -9999.000 -9999.000 -9999.000 -9999.000 -9999.000 -9999.000 -9999.000 -9999.000 -9999.000 -9999.000
0.454 0.454 0.454 0.454 0.454 0.455 0.455 0.454 0.454 0.454 0.454 0.454 0.454 0.454 0.454 0.454 0.454 0.454 0.454 0.454 0.454 0.454 0.454 0.454 0.454 0.454 0.454 0.454 0.454 0.454 0.454 0.454 0.454 0.454 0.454 0.454 0.454 0.454 0.454 0.454 0.455 0.456 0.456 0.455 0.455 0.453 -9999.000 -9999.000 -9999.000 -9999.000 -9999.000 -9999.000 -9999.000 -9999.000 -9999.000 -9999.000 -9999.000 -9999.000 -9999.000 -9999.000 -9999.000 -9999.000 -9999.000 -9999.000 -9999.000 -9999.000 -9999.000 -9999.000 -9999.000 -9999.000 -9999.000 -9999.000 -9999.000 -9999.000 -9999.000
0.455 0.454 0.454 0.454 0.454 0.455 0.456 0.454 0.454 0.454 0.454 0.454 0.454 0.454 0.454 0.454 0.454 0.454 0.454 0.454 0.454 0.454 0.454 0.454 0.454 0.454 0.454 0.454 0.454 0.454 0.454 0.454 0.454 0.454 0.454 0.454 0.454 0.454 0.454 0.454 0.454 0.456 0.456 0.456 0.456 0.455 0.454 0.452 -9999.000 -9999.000 -9999.000 -9999.000 -9999.000 -9999.000 -9999.000 -9999.000 -9999.000 -9999.000 -9999.000 -9999.000 -9999.000 -9999.000 -9999.000 -9999.000 -9999.000 -9999.000 -9999.000 -9999.000 -9999.000 -9999.000 -9999.000 -9999.000 -9999.000 -9999.000 -9999.000
0.456 0.454 0.454 0.454 0.454 0.454 0.454 0.454 0.454 0.454 0.454 0.454 0.454 0.454 0.454 0.454 0.454 0.454 0.454 0.454 0.454 0.454 0.454 0.454 0.454 0.454 0.454 0.454 0.454 0.454 0.454 0.454 0.454 0.454 0.454 0.454 0.454 0.454 0.454 0.454 0.454 0.454 0.456 0.456 0.456 0.456 0.454 0.453 0.447 -9999.000 -9999.000 -9999.000 -9999.000 -9999.000 -9999.000 -9999.000 -9999.000 -9999.000 -9999.000 -9999.000 -9999.000 -9999.000 -9999.000 -9999.000 -9999.000 -9999.000 -9999.000 -9999.000 -9999.000 -9999.000 -9999.000 -9999.000 -9999.000 -9999.000 -9999.000
0.456 0.455 0.454 0.454 0.454 0.454 0.454 0.454 0.454 0.454 0.454 0.454 0.454 0.454 0.454 0.454 0.454 0.454 0.454 0.454 0.454 0.454 0.454 0.454 0.454 0.454 0.454 0.454 0.454 0.454 0.454 0.454 0.454 0.454 0.454 0.454 0.454 0.454 0.454 0.454 0.454 0.454 0.456 0.456 0.456 0.456 0.455 0.453 0.447 0.438 0.432 -9999.000 -9999.000 -9999.000 -9999.000 -9999.000 -9999.000 -9999.000 -9999.000 -9999.000 -9999.000 -9999.000 -9999.000 -9999.000 -9999.000 -9999.000 -9999.000 -9999.000 -9999.000 -9999.000 -9999.000 -9999.000 -9999.000 -9999.000 -9999.000
0.455 0.456 0.454 0.454 0.454 0.454 0.454 0.454 0.454 0.454 0.454 0.454 0.454 0.454 0.454 0.454 0.454 0.454 0.454 0.454 0.454 0.454 0.454 0.454 0.454 0.454 0.454 0.454 0.454 0.454 0.454 0.454 0.454 0.454 0.454 0.454 0.454 0.454 0.454 0.454 0.454 0.456 0.456 0.456 0.456 0.456 0.454 0.452 0.446 0.441 0.436 0.428 -9999.000 -9999.000 -9999.000 -9999.000 -9999.000 -9999.000 -9999.000 -9999.000 -9999.000 -9999.000 -9999.000 -9999.000 -9999.000 -9999.000 -9999.000 -9999.000 -9999.000 -9999.000 -9999.000 -9999.000 -9999.000 -9999.000 -9999.000
0.455 0.456 0.454 0.454 0.454 0.454 0.454 0.454 0.454 0.454 0.454 0.454 0.454 0.454 0.454 0.454 0.454 0.454 0.454 0.454 0.454 0.454 0.454 0.454 0.454 0.454 0.454 0.454 0.454 0.454 0.454 0.454 0.454 0.454 0.454 0.454 0.454 0.454 0.454 0.454 0.454 0.455 0.456 0.456 0.456 0.456 0.454 0.453 0.449 0.446 0.443 0.434 0.420 -9999.000 -9999.000 -9999.000 -9999.000 -9999.000 -9999.000 -9999.000 -9999.000 -9999.000 -9999.000 -9999.000 -9999.000 -9999.000 -9999.000 -9999.000 -9999.000 -9999.000 -9999.000 -9999.000 -9999.000 -9999.000 -9999.000
0.456 0.456 0.455 0.454 0.454 0.454 0.454 0.454 0.454 0.454 0.454 0.454 0.454 0.454 0.454 0.454 0.454 0.454 0.454 0.454 0.454 0.454 0.454 0.454 0.454 0.454 0.454 0.454 0.454 0.454 0.454 0.454 0.454 0.454 0.454 0.454 0.454 0.454 0.454 0.454 0.454 0.454 0.454 0.456 0.456 0.456 0.456 0.455 0.453 0.451 0.448 0.443 0.437 0.427 0.413 -9999.000 -9999.000 -9999.000 -9999.000 -9999.000 -9999.000 -9999.000 -9999.000 -9999.000 -9999.000 -9999.000 -9999.000 -9999.000 -9999.000 -9999.000 -9999.000 -9999.000 -9999.000 -9999.000 -9999.000
0.456 0.456 0.456 0.454 0.454 0.454 0.454 0.454 0.454 0.454 0.454 0.454 0.454 0.454 0.454 0.454 0.454 0.454 0.454 0.454 0.454 0.454 0.454 0.454 0.454 0.454 0.454 0.454 0.454 0.454 0.454 0.454 0.454 0.454 0.454 0.454 0.454 0.454 0.454 0.454 0.454 0.455 0.456 0.456 0.456 0.456 0.456 0.456 0.456 0.454 0.452 0.451 0.450 0.444 0.438 0.433 -9999.000 -9999.000 -9999.000 -9999.000 -9999.000 -9999.000 -9999.000 -9999.000 -9999.000 -9999.000 -9999.000 -9999.000 -9999.000 -9999.000 -9999.000 -9999.000 -9999.000 -9999.000 -9999.000
0.455 0.454 0.454 0.454 0.454 0.454 0.454 0.454 0.454 0.454 0.454 0.454 0.454 0.454 0.454 0.454 0.454 0.454 0.454 0.454 0.454 0.454 0.454 0.454 0.454 0.454 0.454 0.454 0.454 0.454 0.454 0.454 0.454 0.454 0.454 0.454 0.454 0.454 0.454 0.454 0.454 0.455 0.456 0.456 0.456 0.456 0.456 0.456 0.456 0.456 0.456 0.455 0.455 0.454 0.452 0.450 0.443 0.435 -9999.000 -9999.000 -9999.000 -9999.000 -9999.000 -9999.000 -9999.000 -9999.000 -9999.000 -9999.000 -9999.000 -9999.000 -9999.000 -9999.000 -9999.000 -9999.000 -9999.000
0.455 0.454 0.454 0.454 0.454 0.454 0.454 0.454 0.454 0.454 0.454 0.454 0.454 0.454 0.454 0.454 0.454 0.454 0.454 0.454 0.454 0.454 0.454 0.454 0.454 0.454 0.454 0.454 0.454 0.454 0.454 0.454 0.454 0.454 0.454 0.454 0.454 0.454 0.454 0.454 0.454 0.455 0.456 0.456 0.456 0.456 0.456 0.456 0.456 0.456 0.456 0.456 0.455 0.455 0.455 0.455 0.454 0.452 0.450 -9999.000 -9999.000 -9999.000 -9999.000 -9999.000 -9999.000 -9999.000 -9999.000 -9999.000 -9999.000 -9999.000 -9999.000 -9999.000 -9999.000 -9999.000 -9999.000
0.454 0.454 0.454 0.454 0.454 0.454 0.454 0.454 0.454 0.454 0.454 0.454 0.454 0.454 0.454 0.454 0.454 0.454 0.454 0.454 0.454 0.454 0.454 0.454 0.454 0.454 0.454 0.454 0.454 0.454 0.454 0.454 0.454 0.454 0.454 0.454 0.454 0.454 0.454 0.454 0.454 0.454 0.456 0.456 0.456 0.456 0.456 0.456 0.456 0.456 0.456 0.456 0.455 0.455 0.455 0.455 0.455 0.455 0.455 0.454 -9999.000 -9999.000 -9999.000 -9999.000 -9999.000 -9999.000 -9999.000 -9999.000 -9999.000 -9999.000 -9999.000 -9999.000 -9999.000 -9999.000 -9999.000
0.454 0.454 0.454 0.454 0.454 0.454 0.454 0.454 0.454 0.454 0.454 0.454 0.454 0.454 0.454 0.454 0.454 0.454 0.454 0.454 0.454 0.454 0.454 0.454 0.454 0.454 0.454 0.454 0.454 0.454 0.454 0.454 0.454 0.454 0.454 0.454 0.454 0.454 0.454 0.454 0.454 0.454 0.456 0.456 0.456 0.454 0.454 0.456 0.456 0.456 0.456 0.456 0.455 0.455 0.455 0.455 0.455 0.455 0.455 0.455 0.455 0.454 -9999.000 -9999.000 -9999.000 -9999.000 -9999.000 -9999.000 -9999.000 -9999.000 -9999.000 -9999.000 -9999.000 -9999.000 -9999.000
0.454 0.454 0.454 0.454 0.454 0.454 0.454 0.454 0.454 0.454 0.454 0.454 0.454 0.454 0.454 0.454 0.454 0.454 0.454 0.454 0.454 0.454 0.454 0.454 0.454 0.454 0.454 0.454 0.454 0.454 0.454 0.454 0.454 0.454 0.454 0.454 0.454 0.454 0.454 0.454 0.454 0.455 0.456 0.456 0.456 0.454 0.455 0.456 0.456 0.456 0.456 0.456 0.455 0.455 0.455 0.455 0.455 0.455 0.455 0.455 0.454 0.453 0.453 -9999.000 -9999.000 -9999.000 -9999.000 -9999.000 -9999.000 -9999.000 -9999.000 -9999.000 -9999.000 -9999.000 -9999.000
0.454 0.454 0.454 0.454 0.454 0.454 0.454 0.454 0.454 0.454 0.454 0.454 0.454 0.454 0.454 0.454 0.454 0.454 0.454 0.454 0.454 0.454 0.454 0.454 0.454 0.454 0.454 0.454 0.454 0.454 0.454 0.454 0.454 0.454 0.454 0.454 0.454 0.454 0.454 0.454 0.454 0.456 0.456 0.456 0.456 0.455 0.456 0.456 0.456 0.456 0.456 0.455 0.455 0.455 0.455 0.455 0.455 0.455 0.455 0.454 0.453 0.453 0.452 0.453 0.453 -9999.000 -9999.000 -9999.000 -9999.000 -9999.000 -9999.000 -9999.000 -9999.000 -9999.000 -9999.000
0.454 0.454 0.454 0.454 0.454 0.454 0.454 0.454 0.454 0.454 0.454 0.454 0.454 0.454 0.454 0.454 0.454 0.454 0.454 0.454 0.454 0.454 0.454 0.454 0.454 0.454 0.454 0.454 0.455 0.454 0.454 0.454 0.454 0.454 0.454 0.454 0.454 0.454 0.454 0.454 0.454 0.456 0.456 0.456 0.456 0.455 0.455 0.456 0.456 0.456 0.456 0.455 0.455 0.455 0.455 0.455 0.455 0.455 0.455 0.455 0.454 0.453 0.452 0.453 0.453 0.453 -9999.000 -9999.000 -9999.000 -9999.000 -9999.000 -9999.000 -9999.000 -9999.000 -9999.000
0.454 0.454 0.454 0.454 0.454 0.454 0.454 0.454 0.454 0.454 0.454 0.454 0.454 0.454 0.454 0.454 0.454 0.454 0.454 0.454 0.454 0.454 0.454 0.454 0.454 0.454 0.454 0.454 0.454 0.454 0.454 0.454 0.454 0.454 0.454 0.454 0.454 0.454 0.454 0.454 0.455 0.456 0.456 0.456 0.456 0.454 0.455 0.455 0.456 0.456 0.455 0.456 0.455 0.455 0.455 0.455 0.455 0.455 0.455 0.455 0.454 0.454 0.453 0.453 0.453 0.453 0.453 -9999.000 -9999.000 -9999.000 -9999.000 -9999.000 -9999.000 -9999.000 -9999.000
0.454 0.454 0.454 0.454 0.454 0.454 0.454 0.454 0.454 0.454 0.454 0.454 0.454 0.454 0.454 0.454 0.454 0.454 0.454 0.454 0.454 0.454 0.454 0.454 0.454 0.454 0.454 0.454 0.454 0.455 0.454 0.454 0.454 0.456 0.456 0.456 0.455 0.454 0.454 0.454 0.456 0.456 0.456 0.456 0.456 0.456 0.456 0.456 0.456 0.456 0.455 0.456 0.456 0.456 0.455 0.455 0.455 0.455 0.455 0.455 0.454 0.454 0.454 0.453 0.454 0.453 0.453 0.453 0.453 -9999.000 -9999.000 -9999.000 -9999.000 -9999.000 -9999.000
0.454 0.454 0.454 0.454 0.454 0.454 0.454 0.454 0.454 0.454 0.454 0.454 0.454 0.454 0.454 0.454 0.454 0.454 0.454 0.454 0.454 0.454 0.454 0.454 0.454 0.454 0.454 0.454 0.454 0.455 0.456 0.456 0.456 0.456 0.456 0.456 0.456 0.456 0.456 0.455 0.454 0.454 0.456 0.456 0.456 0.456 0.456 0.455 0.456 0.456 0.456 0.456 0.456 0.456 0.456 0.455 0.455 0.455 0.455 0.455 0.454 0.454 0.454 0.454 0.453 0.453 0.453 0.453 0.453 0.453 -9999.000 -9999.000 -9999.000 -9999.000 -9999.000
0.454 0.454 0.454 0.454 0.454 0.454 0.454 0.454 0.454 0.454 0.454 0.454 0.454 0.454 0.454 0.455 0.456 0.456 0.456 0.456 0.456 0.456 0.456 0.456 0.456 0.456 0.456 0.456 0.456 0.456 0.456 0.456 0.456 0.456 0.456 0.456 0.456 0.456 0.456 0.456 0.456 0.456 0.456 0.456 0.456 0.456 0.456 0.455 0.456 0.456 0.456 0.456 0.456 0.456 0.455 0.455 0.455 0.455 0.455 0.455 0.454 0.454 0.454 0.454 0.454 0.454 0.453 0.453 0.453 0.453 0.452 -9999.000 -9999.000 -9999.000 -9999.000
0.454 0.454 0.454 0.454 0.454 0.454 0.454 0.454 0.454 0.454 0.454 0.454 0.454 0.454 0.456 0.456 0.455 0.455 0.454 0.454 0.455 0.455 0.456 0.456 0.456 0.456 0.456 0.456 0.456 0.456 0.456 0.456 0.456 0.456 0.456 0.456 0.456 0.456 0.455 0.455 0.455 0.455 0.456 0.456 0.456 0.455 0.456 0.455 0.456 0.456 0.456 0.456 0.456 0.456 0.456 0.455 0.455 0.455 0.455 0.454 0.454 0.454 0.454 0.454 0.454 0.454 0.453 0.453 0.453 0.453 0.452 0.452 0.452 -9999.000 -9999.000
0.454 0.454 0.454 0.454 0.454 0.454 0.454 0.454 0.454 0.454 0.454 0.454 0.455 0.456 0.455 0.454 0.453 0.451 0.451 0.451 0.452 0.453 0.454 0.455 0.455 0.456 0.456 0.455 0.455 0.455 0.455 0.455 0.455 0.455 0.455 0.455 0.455 0.455 0.455 0.455 0.454 0.454 0.454 0.455 0.456 0.456 0.456 0.456 0.456 0.456 0.456 0.456 0.456 0.456 0.456 0.455 0.455 0.455 0.455 0.454 0.454 0.454 0.454 0.454 0.453 0.453 0.453 0.453 0.453 0.452 0.452 0.452 0.452 0.450 -9999.000
0.454 0.454 0.454 0.454 0.454 0.454 0.454 0.454 0.454 0.454 0.454 0.455 0.456 0.454 0.453 0.451 0.449 0.446 0.446 0.449 0.450 0.450 0.450 0.451 0.453 0.454 0.454 0.454 0.454 0.454 0.453 0.453 0.453 0.452 0.452 0.453 0.453 0.452 0.450 0.451 0.453 0.453 0.453 0.453 0.454 0.454 0.455 0.455 0.456 0.456 0.456 0.456 0.456 0.456 0.456 0.456 0.456 0.455 0.455 0.455 0.454 0.454 0.454 0.454 0.454 0.453 0.453 0.453 0.453 0.453 0.452 0.452 0.451 0.450 0.449
0.454 0.454 0.454 0.454 0.454 0.454 0.454 0.454 0.454 0.454 0.454 0.456 0.455 0.452 0.450 0.449 0.442 0.439 0.438 0.441 0.443 0.445 0.447 0.448 0.450 0.451 0.451 0.451 0.452 0.452 0.451 0.450 0.450 0.449 0.450 0.449 0.448 0.445 0.442 0.444 0.448 0.452 0.452 0.452 0.452 0.452 0.453 0.453 0.455 0.455 0.456 0.456 0.456 0.456 0.456 0.456 0.456 0.456 0.455 0.455 0.455 0.454 0.454 0.454 0.453 0.453 0.453 0.453 0.453 0.453 0.453 0.454 0.452 0.451 0.450
0.454 0.454 0.454 0.454 0.454 0.454 0.454 0.454 0.454 0.454 0.455 0.456 0.454 0.451 0.450 0.448 0.436 0.428 0.428 0.433 0.436 0.437 0.439 0.444 0.447 0.448 0.449 0.449 0.449 0.449 0.447 0.445 0.445 0.446 0.445 0.444 0.442 0.440 0.440 0.437 0.438 0.442 0.448 0.450 0.450 0.450 0.451 0.452 0.452 0.454 0.455 0.455 0.455 0.456 0.456 0.456 0.456 0.456 0.456 0.456 0.455 0.454 0.454 0.454 0.453 0.453 0.453 0.453 0.453 0.453 0.453 0.453 0.451 0.450 0.449
