COT Code backup/VWCL0005N0001.asc
ncols         676
nrows         635
xllcorner     24483.000000
yllcorner     28694.204819
cellsize      5.000000
NODATA_value  -9999.0
[rows 165 to 197 of 635, columns 300 to 374 of 676]
0.366 0.366 0.368 0.370 0.370 0.370 0.372 0.372 0.372 0.374 0.376 0.380 0.385 0.387 0.390 0.394 0.395 0.396 0.396 0.396 0.396 0.396 0.396 0.396 0.396 0.396 0.396 0.396 0.396 0.396 0.392 0.391 0.389 0.387 0.386 0.382 0.383 0.377 0.370 0.367 0.364 0.359 0.356 0.350 0.349 0.349 0.349 0.349 0.349 0.349 0.349 0.349 0.349 0.349 0.349 0.349 0.349 0.349 0.349 -9999.000 -9999.000 -9999.000 -9999.000 -9999.000 -9999.000 -9999.000 -9999.000 -9999.000 -9999.000 -9999.000 -9999.000 -9999.000 -9999.000 -9999.000 -9999.000
0.367 0.368 0.370 0.373 0.373 0.374 0.376 0.377 0.380 0.383 0.385 0.391 0.396 0.396 0.396 0.396 0.396 0.396 0.396 0.396 0.396 0.396 0.396 0.396 0.396 0.395 0.395 0.395 0.395 0.395 0.390 0.391 0.389 0.387 0.383 0.379 0.377 0.366 0.365 0.367 0.364 0.358 0.353 0.349 0.349 0.349 0.349 0.349 0.349 0.349 0.349 0.349 0.349 0.349 0.349 0.349 0.349 0.349 0.349 0.349 0.349 -9999.000 -9999.000 -9999.000 -9999.000 -9999.000 -9999.000 -9999.000 -9999.000 -9999.000 -9999.000 -9999.000 -9999.000 -9999.000 -9999.000
0.369 0.371 0.372 0.375 0.375 0.377 0.379 0.381 0.383 0.386 0.389 0.393 0.395 0.396 0.396 0.396 0.396 0.396 0.396 0.396 0.396 0.395 0.395 0.395 0.395 0.395 0.395 0.395 0.395 0.394 0.391 0.390 0.387 0.386 0.382 0.382 0.371 0.358 0.354 0.356 0.356 0.355 0.352 0.349 0.349 0.349 0.349 0.349 0.349 0.349 0.349 0.349 0.349 0.349 0.349 0.349 0.349 0.349 0.349 0.349 0.349 0.349 0.349 -9999.000 -9999.000 -9999.000 -9999.000 -9999.000 -9999.000 -9999.000 -9999.000 -9999.000 -9999.000 -9999.000 -9999.000
0.369 0.369 0.371 0.373 0.374 0.375 0.377 0.379 0.380 0.382 0.382 0.384 0.386 0.389 0.391 0.392 0.392 0.393 0.394 0.395 0.395 0.395 0.395 0.395 0.395 0.395 0.395 0.394 0.393 0.391 0.391 0.389 0.387 0.385 0.383 0.381 0.372 0.359 0.351 0.350 0.349 0.349 0.349 0.349 0.349 0.349 0.349 0.349 0.349 0.349 0.349 0.349 0.349 0.349 0.349 0.349 0.349 0.349 0.349 0.349 0.349 0.349 0.349 0.349 0.349 -9999.000 -9999.000 -9999.000 -9999.000 -9999.000 -9999.000 -9999.000 -9999.000 -9999.000 -9999.000
0.368 0.369 0.371 0.372 0.373 0.375 0.376 0.377 0.379 0.380 0.381 0.382 0.384 0.385 0.387 0.387 0.388 0.389 0.390 0.392 0.393 0.394 0.394 0.394 0.394 0.394 0.394 0.393 0.393 0.393 0.391 0.389 0.387 0.384 0.380 0.371 0.369 0.360 0.349 0.349 0.349 0.349 0.349 0.349 0.349 0.349 0.349 0.349 0.349 0.349 0.349 0.349 0.349 0.349 0.349 0.349 0.349 0.349 0.349 0.349 0.349 0.349 0.349 0.349 0.349 0.349 0.349 -9999.000 -9999.000 -9999.000 -9999.000 -9999.000 -9999.000 -9999.000 -9999.000
0.368 0.369 0.370 0.372 0.373 0.375 0.376 0.378 0.379 0.381 0.381 0.382 0.383 0.385 0.386 0.387 0.388 0.389 0.391 0.391 0.392 0.392 0.393 0.393 0.393 0.393 0.393 0.393 0.393 0.393 0.391 0.389 0.387 0.384 0.379 0.367 0.364 0.359 0.349 0.349 0.349 0.349 0.349 0.349 0.349 0.349 0.349 0.349 0.349 0.349 0.349 0.349 0.349 0.349 0.349 0.349 0.349 0.349 0.349 0.349 0.349 0.349 0.349 0.349 0.349 0.349 0.349 0.349 0.349 -9999.000 -9999.000 -9999.000 -9999.000 -9999.000 -9999.000
0.367 0.368 0.370 0.371 0.373 0.374 0.375 0.377 0.378 0.379 0.380 0.381 0.383 0.384 0.385 0.385 0.386 0.387 0.388 0.389 0.390 0.391 0.392 0.392 0.393 0.393 0.393 0.393 0.393 0.393 0.391 0.390 0.388 0.385 0.380 0.365 0.364 0.358 0.349 0.349 0.349 0.349 0.349 0.349 0.349 0.349 0.349 0.349 0.349 0.349 0.349 0.349 0.349 0.349 0.349 0.349 0.349 0.349 0.349 0.349 0.349 0.349 0.349 0.349 0.349 0.349 0.349 0.349 0.349 0.349 0.349 -9999.000 -9999.000 -9999.000 -9999.000
0.367 0.368 0.370 0.371 0.372 0.374 0.375 0.377 0.378 0.379 0.380 0.381 0.382 0.383 0.383 0.383 0.383 0.385 0.387 0.389 0.390 0.391 0.392 0.393 0.394 0.394 0.394 0.394 0.393 0.393 0.392 0.391 0.389 0.386 0.380 0.361 0.353 0.353 0.349 0.349 0.349 0.349 0.349 0.349 0.349 0.349 0.349 0.349 0.349 0.349 0.349 0.349 0.349 0.349 0.349 0.349 0.349 0.349 0.349 0.349 0.349 0.349 0.349 0.349 0.349 0.349 0.349 0.349 0.349 0.349 0.349 0.349 0.349 -9999.000 -9999.000
0.368 0.369 0.370 0.371 0.373 0.374 0.376 0.377 0.378 0.378 0.378 0.379 0.381 0.383 0.382 0.379 0.380 0.382 0.384 0.386 0.388 0.389 0.390 0.391 0.392 0.395 0.397 0.396 0.396 0.395 0.394 0.392 0.389 0.387 0.379 0.358 0.349 0.349 0.349 0.349 0.349 0.349 0.349 0.349 0.349 0.349 0.349 0.349 0.349 0.349 0.349 0.349 0.349 0.349 0.349 0.349 0.349 0.349 0.349 0.349 0.349 0.349 0.349 0.349 0.349 0.349 0.349 0.349 0.349 0.349 0.349 0.349 0.349 0.349 0.349
0.370 0.373 0.372 0.372 0.372 0.373 0.373 0.374 0.375 0.376 0.376 0.377 0.377 0.376 0.376 0.376 0.376 0.380 0.380 0.376 0.388 0.390 0.390 0.391 0.390 0.393 0.399 0.399 0.398 0.397 0.395 0.393 0.390 0.387 0.379 0.360 0.349 0.349 0.349 0.349 0.349 0.349 0.349 0.349 0.349 0.349 0.349 0.349 0.349 0.349 0.349 0.349 0.349 0.349 0.349 0.349 0.349 0.349 0.349 0.349 0.349 0.349 0.349 0.349 0.349 0.349 0.349 0.349 0.349 0.349 0.349 0.349 0.349 0.349 0.349
0.373 0.375 0.374 0.373 0.373 0.373 0.373 0.372 0.373 0.373 0.374 0.374 0.373 0.372 0.372 0.372 0.374 0.377 0.376 0.377 0.390 0.390 0.390 0.391 0.392 0.394 0.402 0.402 0.401 0.399 0.396 0.393 0.390 0.387 0.385 0.369 0.349 0.349 0.349 0.349 0.349 0.349 0.349 0.349 0.349 0.349 0.349 0.349 0.349 0.349 0.349 0.349 0.349 0.349 0.349 0.349 0.349 0.349 0.349 0.349 0.349 0.349 0.349 0.349 0.349 0.349 0.349 0.349 0.349 0.349 0.349 0.349 0.349 0.349 0.349
0.369 0.373 0.373 0.373 0.373 0.373 0.372 0.372 0.372 0.372 0.373 0.373 0.373 0.372 0.372 0.370 0.372 0.374 0.374 0.381 0.390 0.390 0.389 0.389 0.392 0.399 0.406 0.406 0.404 0.401 0.398 0.394 0.390 0.388 0.385 0.381 0.355 0.349 0.349 0.349 0.349 0.349 0.349 0.349 0.349 0.349 0.349 0.349 0.349 0.349 0.349 0.349 0.349 0.349 0.349 0.349 0.349 0.349 0.349 0.349 0.349 0.349 0.349 0.349 0.349 0.349 0.349 0.349 0.349 0.349 0.349 0.349 0.349 0.349 0.349
0.367 0.372 0.373 0.373 0.373 0.372 0.372 0.372 0.372 0.372 0.372 0.373 0.372 0.372 0.371 0.370 0.370 0.372 0.372 0.385 0.388 0.388 0.386 0.387 0.391 0.405 0.410 0.408 0.406 0.403 0.399 0.393 0.390 0.388 0.385 0.384 0.355 0.349 0.349 0.349 0.349 0.349 0.349 0.349 0.349 0.349 0.349 0.349 0.349 0.349 0.349 0.349 0.349 0.349 0.349 0.349 0.349 0.349 0.349 0.349 0.349 0.349 0.349 0.349 0.349 0.349 0.349 0.349 0.349 0.349 0.349 0.349 0.349 0.349 0.349
0.369 0.372 0.373 0.373 0.373 0.373 0.373 0.372 0.372 0.372 0.372 0.372 0.372 0.371 0.370 0.369 0.370 0.372 0.372 0.381 0.384 0.384 0.382 0.385 0.393 0.410 0.413 0.411 0.408 0.405 0.403 0.401 0.389 0.388 0.386 0.379 0.349 0.349 0.349 0.349 0.349 0.349 0.349 0.349 0.349 0.349 0.349 0.349 0.349 0.349 0.349 0.349 0.349 0.349 0.349 0.349 0.349 0.349 0.349 0.349 0.349 0.349 0.349 0.349 0.349 0.349 0.349 0.349 0.349 0.349 0.349 0.349 0.349 0.349 0.349
0.371 0.372 0.372 0.372 0.372 0.372 0.372 0.372 0.372 0.372 0.372 0.372 0.372 0.371 0.369 0.368 0.370 0.373 0.373 0.379 0.381 0.378 0.379 0.384 0.398 0.415 0.416 0.413 0.410 0.407 0.411 0.400 0.389 0.387 0.385 0.376 0.349 0.349 0.349 0.349 0.349 0.349 0.349 0.349 0.349 0.349 0.349 0.349 0.349 0.349 0.349 0.349 0.349 0.349 0.349 0.349 0.349 0.349 0.349 0.349 0.349 0.349 0.349 0.349 0.349 0.349 0.349 0.349 0.349 0.349 0.349 0.349 0.349 0.349 0.349
0.371 0.372 0.372 0.371 0.372 0.372 0.372 0.372 0.372 0.372 0.371 0.372 0.372 0.371 0.369 0.367 0.370 0.373 0.374 0.376 0.376 0.376 0.378 0.384 0.406 0.419 0.418 0.415 0.412 0.409 0.415 0.405 0.388 0.386 0.385 0.377 0.352 0.349 0.349 0.349 0.349 0.349 0.349 0.349 0.349 0.349 0.349 0.349 0.349 0.349 0.349 0.349 0.349 0.349 0.349 0.349 0.349 0.349 0.349 0.349 0.349 0.349 0.349 0.349 0.349 0.349 0.349 0.349 0.349 0.349 0.349 0.349 0.349 0.349 0.349
0.372 0.372 0.372 0.372 0.372 0.372 0.372 0.372 0.372 0.372 0.371 0.371 0.371 0.371 0.371 0.371 0.372 0.373 0.374 0.374 0.373 0.374 0.377 0.386 0.414 0.421 0.420 0.417 0.415 0.412 0.419 0.407 0.387 0.386 0.384 0.378 0.355 0.349 0.349 0.349 0.349 0.349 0.349 0.349 0.349 0.349 0.349 0.349 0.349 0.349 0.349 0.349 0.349 0.349 0.349 0.349 0.349 0.349 0.349 0.349 0.349 0.349 0.349 0.349 0.349 0.349 0.349 0.349 0.349 0.349 0.349 0.349 0.349 0.349 0.349
0.372 0.371 0.371 0.370 0.370 0.371 0.371 0.371 0.371 0.371 0.371 0.371 0.371 0.371 0.371 0.371 0.371 0.373 0.373 0.373 0.372 0.374 0.376 0.389 0.417 0.424 0.422 0.419 0.417 0.415 0.422 0.409 0.386 0.385 0.384 0.377 0.364 0.349 0.349 0.349 0.349 0.349 0.349 0.349 0.349 0.349 0.349 0.349 0.349 0.349 0.349 0.349 0.349 0.349 0.349 0.349 0.349 0.349 0.349 0.349 0.349 0.349 0.349 0.349 0.349 0.349 0.349 0.349 0.349 0.349 0.349 0.349 0.349 0.349 0.349
0.372 0.371 0.370 0.370 0.370 0.370 0.370 0.371 0.371 0.371 0.371 0.372 0.371 0.371 0.371 0.371 0.371 0.371 0.373 0.373 0.372 0.373 0.376 0.393 0.420 0.426 0.425 0.422 0.419 0.421 0.425 0.408 0.385 0.384 0.383 0.381 0.380 0.352 0.349 0.349 0.349 0.349 0.349 0.349 0.349 0.349 0.349 0.349 0.349 0.349 0.349 0.349 0.349 0.349 0.349 0.349 0.349 0.349 0.349 0.349 0.349 0.349 0.349 0.349 0.349 0.349 0.349 0.349 0.349 0.349 0.349 0.349 0.349 0.349 0.349
0.372 0.372 0.371 0.371 0.371 0.371 0.371 0.371 0.371 0.372 0.372 0.372 0.372 0.371 0.371 0.371 0.371 0.372 0.373 0.373 0.372 0.373 0.378 0.398 0.422 0.428 0.427 0.424 0.421 0.427 0.428 0.407 0.384 0.384 0.382 0.381 0.379 0.357 0.349 0.349 0.349 0.349 0.349 0.349 0.349 0.349 0.349 0.349 0.349 0.349 0.349 0.349 0.349 0.349 0.349 0.349 0.349 0.349 0.349 0.349 0.349 0.349 0.349 0.349 0.349 0.349 0.349 0.349 0.349 0.349 0.349 0.349 0.349 0.349 0.349
0.372 0.372 0.371 0.371 0.371 0.371 0.371 0.371 0.372 0.372 0.372 0.372 0.372 0.371 0.371 0.371 0.372 0.372 0.373 0.373 0.373 0.374 0.382 0.405 0.425 0.430 0.429 0.426 0.424 0.432 0.429 0.405 0.383 0.383 0.383 0.377 0.367 0.360 0.349 0.349 0.349 0.349 0.349 0.349 0.349 0.349 0.349 0.349 0.349 0.349 0.349 0.349 0.349 0.349 0.349 0.349 0.349 0.349 0.349 0.349 0.349 0.349 0.349 0.349 0.349 0.349 0.349 0.349 0.349 0.349 0.349 0.349 0.349 0.349 0.349
0.372 0.372 0.371 0.371 0.371 0.371 0.371 0.372 0.372 0.371 0.372 0.372 0.372 0.372 0.371 0.372 0.372 0.372 0.372 0.373 0.374 0.376 0.386 0.411 0.428 0.432 0.431 0.428 0.427 0.434 0.431 0.402 0.382 0.383 0.383 0.371 0.362 0.353 0.349 0.349 0.349 0.349 0.349 0.349 0.349 0.349 0.349 0.349 0.349 0.349 0.349 0.349 0.349 0.349 0.349 0.349 0.349 0.349 0.349 0.349 0.349 0.349 0.349 0.349 0.349 0.349 0.349 0.349 0.349 0.349 0.349 0.349 0.349 0.349 0.349
0.372 0.372 0.372 0.372 0.372 0.372 0.372 0.372 0.372 0.371 0.371 0.371 0.371 0.371 0.371 0.371 0.371 0.372 0.372 0.373 0.374 0.377 0.391 0.419 0.436 0.434 0.433 0.431 0.431 0.435 0.433 0.401 0.382 0.383 0.383 0.368 0.359 0.349 0.349 0.349 0.349 0.349 0.349 0.349 0.349 0.349 0.349 0.349 0.349 0.349 0.349 0.349 0.349 0.349 0.349 0.349 0.349 0.349 0.349 0.349 0.349 0.349 0.349 0.349 0.349 0.349 0.349 0.349 0.349 0.349 0.349 0.349 0.349 0.349 0.350
0.372 0.372 0.372 0.372 0.372 0.372 0.372 0.372 0.371 0.371 0.371 0.371 0.371 0.371 0.371 0.371 0.370 0.372 0.372 0.373 0.376 0.379 0.399 0.431 0.451 0.436 0.435 0.433 0.434 0.436 0.433 0.401 0.382 0.383 0.382 0.367 0.361 0.351 0.349 0.349 0.349 0.349 0.349 0.349 0.349 0.349 0.349 0.349 0.349 0.349 0.349 0.349 0.349 0.349 0.349 0.349 0.349 0.349 0.349 0.351 0.354 0.356 0.360 0.358 0.352 0.349 0.349 0.349 0.349 0.349 0.351 0.355 0.362 0.368 0.366
0.372 0.373 0.373 0.373 0.372 0.372 0.372 0.372 0.372 0.372 0.372 0.371 0.371 0.372 0.372 0.372 0.372 0.373 0.373 0.373 0.374 0.379 0.403 0.436 0.450 0.438 0.437 0.435 0.440 0.437 0.431 0.399 0.382 0.382 0.382 0.375 0.369 0.360 0.349 0.349 0.349 0.349 0.349 0.349 0.349 0.349 0.349 0.349 0.349 0.349 0.349 0.349 0.349 0.349 0.349 0.349 0.349 0.349 0.349 0.350 0.359 0.363 0.368 0.368 0.367 0.361 0.352 0.349 0.358 0.363 0.367 0.371 0.373 0.374 0.374
0.366 0.365 0.365 0.365 0.365 0.365 0.364 0.364 0.370 0.370 0.370 0.369 0.370 0.370 0.370 0.371 0.373 0.373 0.374 0.374 0.373 0.381 0.410 0.443 0.446 0.439 0.437 0.436 0.440 0.437 0.431 0.399 0.382 0.381 0.380 0.377 0.372 0.358 0.349 0.349 0.349 0.349 0.349 0.349 0.349 0.349 0.349 0.349 0.349 0.349 0.349 0.349 0.349 0.349 0.349 0.349 0.349 0.349 0.349 0.358 0.362 0.363 0.369 0.372 0.372 0.373 0.371 0.366 0.370 0.373 0.373 0.373 0.373 0.373 0.372
0.349 0.349 0.349 0.349 0.349 0.349 0.349 0.352 0.370 0.370 0.369 0.369 0.369 0.370 0.370 0.374 0.374 0.376 0.376 0.376 0.375 0.387 0.419 0.450 0.442 0.441 0.440 0.440 0.439 0.438 0.431 0.403 0.382 0.381 0.379 0.377 0.368 0.360 0.352 0.349 0.349 0.349 0.349 0.349 0.349 0.349 0.349 0.349 0.349 0.349 0.349 0.349 0.349 0.349 0.349 0.349 0.349 0.349 0.351 0.363 0.365 0.364 0.368 0.372 0.374 0.375 0.376 0.377 0.377 0.374 0.372 0.373 0.373 0.373 0.373
0.349 0.349 0.349 0.349 0.349 0.349 0.349 0.352 0.371 0.370 0.369 0.369 0.369 0.370 0.371 0.373 0.371 0.378 0.378 0.379 0.379 0.394 0.428 0.452 0.443 0.443 0.442 0.443 0.441 0.438 0.432 0.398 0.381 0.380 0.377 0.372 0.366 0.359 0.352 0.349 0.349 0.349 0.349 0.349 0.349 0.349 0.349 0.349 0.349 0.349 0.349 0.349 0.349 0.349 0.349 0.349 0.349 0.349 0.364 0.365 0.366 0.366 0.369 0.373 0.373 0.376 0.378 0.379 0.384 0.386 0.380 0.376 0.374 0.373 0.375
0.349 0.349 0.349 0.349 0.349 0.349 0.349 0.352 0.371 0.370 0.370 0.369 0.369 0.369 0.370 0.372 0.371 0.381 0.382 0.382 0.383 0.404 0.436 0.453 0.444 0.444 0.443 0.445 0.443 0.439 0.430 0.396 0.381 0.380 0.378 0.375 0.376 0.367 0.349 0.349 0.349 0.349 0.349 0.349 0.349 0.349 0.349 0.349 0.349 0.349 0.349 0.349 0.349 0.349 0.349 0.349 0.349 0.351 0.367 0.365 0.365 0.366 0.370 0.373 0.374 0.374 0.377 0.381 0.384 0.391 0.398 0.392 0.383 0.381 0.383
0.349 0.349 0.349 0.349 0.349 0.349 0.349 0.353 0.371 0.371 0.370 0.369 0.369 0.369 0.370 0.371 0.371 0.386 0.385 0.385 0.389 0.416 0.445 0.453 0.446 0.446 0.446 0.446 0.443 0.439 0.427 0.394 0.381 0.380 0.377 0.376 0.376 0.374 0.358 0.349 0.349 0.349 0.349 0.349 0.349 0.349 0.349 0.349 0.349 0.349 0.349 0.349 0.349 0.349 0.349 0.349 0.349 0.354 0.366 0.365 0.365 0.369 0.370 0.374 0.374 0.374 0.375 0.378 0.383 0.393 0.401 0.405 0.402 0.399 0.395
0.349 0.349 0.349 0.349 0.349 0.349 0.349 0.352 0.371 0.371 0.370 0.369 0.369 0.369 0.370 0.370 0.373 0.392 0.390 0.390 0.396 0.426 0.452 0.451 0.448 0.447 0.448 0.447 0.442 0.439 0.428 0.393 0.381 0.380 0.378 0.376 0.376 0.372 0.360 0.349 0.349 0.349 0.349 0.349 0.349 0.349 0.349 0.349 0.349 0.349 0.349 0.349 0.349 0.349 0.349 0.349 0.349 0.356 0.366 0.365 0.365 0.368 0.370 0.373 0.374 0.375 0.376 0.375 0.378 0.392 0.403 0.411 0.413 0.415 0.411
0.349 0.349 0.349 0.349 0.349 0.349 0.349 0.353 0.371 0.371 0.370 0.369 0.368 0.369 0.370 0.370 0.377 0.397 0.396 0.396 0.405 0.435 0.455 0.450 0.449 0.449 0.450 0.447 0.442 0.438 0.430 0.395 0.381 0.380 0.378 0.377 0.374 0.369 0.359 0.349 0.349 0.349 0.349 0.349 0.349 0.349 0.349 0.349 0.349 0.349 0.349 0.349 0.349 0.349 0.349 0.349 0.351 0.359 0.366 0.366 0.365 0.367 0.369 0.373 0.376 0.378 0.378 0.378 0.384 0.400 0.409 0.415 0.419 0.419 0.419
0.349 0.349 0.349 0.349 0.349 0.349 0.349 0.353 0.371 0.371 0.370 0.369 0.368 0.369 0.370 0.370 0.381 0.405 0.403 0.403 0.413 0.442 0.456 0.450 0.451 0.450 0.452 0.448 0.442 0.438 0.430 0.396 0.381 0.380 0.379 0.376 0.364 0.369 0.356 0.349 0.349 0.349 0.349 0.349 0.349 0.349 0.349 0.349 0.349 0.349 0.349 0.349 0.349 0.349 0.349 0.349 0.352 0.360 0.369 0.375 0.371 0.365 0.366 0.376 0.381 0.381 0.380 0.380 0.386 0.410 0.425 0.426 0.426 0.422 0.423
